"longitude","latitude","housingMedianAge","totalRooms","totalBedrooms","population","households","medianIncome","medianHouseValue"
-122.24,37.85,52,1467,190,496,177,7.2574,352100
-122.26,37.84,42,2555,665,1206,595,2.0804,226700
-122.25,37.84,52,3549,707,1551,714,3.6912,261100
-122.26,37.84,52,696,191,345,174,2.6736,191300
-122.27,37.84,52,1503,298,690,275,2.6033,162900
-122.27,37.85,40,751,184,409,166,1.3578,147500
-122.27,37.84,52,2436,541,1015,478,1.725,113900
-122.27,37.84,52,2224,437,1006,422,2.6,132600
-122.28,37.85,41,535,123,317,119,2.4038,107500
-122.28,37.85,49,1130,244,607,239,2.4597,93800
-122.28,37.84,52,729,160,395,155,1.6875,132000
-122.27,37.83,51,2665,574,1258,536,2.7303,109700
-122.27,37.83,49,1215,282,570,264,1.4861,97200
-122.26,37.83,52,1470,330,689,309,3.48,191400
-122.26,37.84,49,713,202,462,189,1.025,118800
-122.26,37.83,50,1125,322,616,304,2.026,142500
-122.27,37.82,43,1007,312,558,253,1.7348,137500
-122.26,37.82,40,624,195,423,160,0.9506,187500
-122.27,37.82,40,946,375,700,352,1.775,112500
-122.28,37.82,52,945,243,576,220,1.4113,83100
-122.28,37.82,52,1238,288,622,259,1.5057,87500
-122.28,37.82,52,1489,335,728,244,0.8172,85300
-122.29,37.82,2,158,43,94,57,2.5625,60000
-122.29,37.83,52,1121,211,554,187,3.3929,75700
-122.29,37.81,50,760,190,377,122,0.9011,86100
-122.3,37.81,48,828,182,392,133,2.5938,73500
-122.3,37.81,52,1010,209,604,187,1.1667,78400
-122.3,37.81,48,1455,354,788,332,0.8056,84400
-122.29,37.8,52,1027,244,492,147,2.6094,81300
-122.3,37.81,52,572,109,274,82,1.8516,85000
-122.29,37.81,26,768,152,392,127,1.7719,82500
-122.29,37.81,46,935,297,582,277,0.7286,95200
-122.29,37.81,46,12,4,18,7,0.4999,67500
-122.29,37.81,20,835,161,290,133,2.483,137500
-122.28,37.81,17,1237,462,762,439,0.9241,177500
-122.28,37.8,38,684,176,344,155,2.0114,131300
-122.28,37.81,17,924,289,609,289,1.5,162500
-122.28,37.81,52,340,97,200,87,1.5208,112500
-122.28,37.81,35,948,184,467,169,1.8088,118800
-122.27,37.81,10,875,348,546,330,0.76,162500
-122.27,37.8,16,994,392,800,362,2.0938,162500
-122.27,37.8,39,1715,623,1327,467,1.8477,179200
-122.26,37.8,36,5329,2477,3469,2323,2.0096,130000
-122.26,37.82,31,4596,1331,2048,1180,2.8345,183800
-122.26,37.81,29,335,107,202,91,2.0062,125000
-122.26,37.82,22,3682,1270,2024,1250,1.2185,170000
-122.25,37.81,29,4656,1414,2304,1250,2.4912,257800
-122.25,37.81,28,5806,1603,2563,1497,3.2177,273400
-122.25,37.81,39,854,242,389,228,3.125,237500
-122.26,37.81,34,5871,1914,2689,1789,2.8406,335700
-122.24,37.82,52,1509,225,674,244,4.9306,313400
-122.25,37.81,52,1758,460,686,422,3.1691,259400
-122.25,37.82,28,3337,855,1520,802,3.9063,225000
-122.25,37.82,32,3809,1098,1806,1022,2.6429,218500
-122.25,37.82,26,3959,1196,1749,1217,3.0233,255000
-122.25,37.83,52,1279,287,534,291,3.1429,231600
-122.25,37.83,28,5022,1750,2558,1661,2.4234,218500
-122.23,37.84,50,2515,399,970,373,5.8596,327600
-122.24,37.85,37,334,54,98,47,4.9643,335000
-122.23,37.85,52,2800,411,1061,403,6.3434,373600
-122.24,37.84,52,3529,574,1177,555,5.1773,389500
-122.19,37.84,18,1617,210,533,194,11.6017,392600
-122.21,37.83,34,5065,788,1627,766,6.8976,333300
-122.2,37.83,26,1589,223,542,211,8.401,351200
-122.19,37.83,29,1791,271,661,269,6.8538,368900
-122.2,37.82,39,3770,534,1265,500,6.3302,362800
-122.21,37.82,52,2375,333,813,350,7.0549,331400
-122.21,37.8,50,2833,605,1260,552,2.8929,216700
-122.21,37.81,52,1389,212,510,224,5.2402,296400
-122.22,37.8,52,2286,464,1073,441,3.0298,199600
-122.22,37.8,52,2721,541,1185,515,4.5428,239800
-122.22,37.81,52,2944,536,1034,521,5.3509,302100
-122.23,37.81,52,2315,292,861,258,8.8793,410300
-122.24,37.81,52,1490,238,634,256,6.0302,287300
-122.24,37.81,52,2093,550,918,483,2.7477,243800
-122.24,37.8,52,888,168,360,175,2.1944,211500
-122.25,37.8,41,1471,469,1062,413,1.6121,171400
-122.25,37.79,45,1786,526,1475,460,1.7772,97500
-122.25,37.79,52,1339,391,1086,363,2.181,138800
-122.24,37.8,52,996,228,731,228,2.2697,127000
-122.24,37.8,52,1591,373,1118,347,2.1563,128600
-122.24,37.8,47,2046,588,1213,554,2.6292,182700
-122.23,37.8,52,1192,289,772,257,2.3833,146900
-122.24,37.8,49,2838,749,1487,677,2.5238,169300
-122.23,37.8,52,783,184,488,186,1.9375,126600
-122.23,37.8,51,1590,414,949,392,1.9028,127900
-122.23,37.79,52,1783,395,1659,412,2.9357,107900
-122.23,37.79,30,999,264,1011,263,1.8854,137500
-122.25,37.79,51,175,43,228,55,2.1,75000
-122.25,37.79,52,902,237,846,227,3.625,125000
-122.26,37.8,20,2373,779,1659,676,1.6929,115000
-122.23,37.77,52,769,206,612,183,2.57,72000
-122.23,37.78,44,2340,825,2813,751,1.6009,118100
-122.23,37.79,48,1696,396,1481,343,2.0375,122500
-122.23,37.79,49,1175,217,859,219,2.293,106300
-122.23,37.79,40,930,199,564,184,1.3281,113300
-122.22,37.79,52,3424,690,2273,685,3.9048,164700
-122.22,37.79,38,3049,711,2167,659,2.7969,141700
-122.21,37.79,47,1543,307,859,292,2.9583,138800
-122.21,37.79,34,2364,557,1517,516,2.8365,139200
-122.21,37.79,35,1745,409,1143,386,2.875,143800
-122.21,37.8,39,2003,500,1109,464,3.0682,156500
-122.2,37.8,43,3045,499,1115,455,4.9559,273000
-122.21,37.8,48,1321,263,506,252,4.0977,229700
-122.19,37.79,50,968,195,462,184,2.9844,179900
-122.19,37.8,52,1813,271,637,277,4.0114,263400
-122.19,37.79,45,2718,451,1106,454,4.6563,231800
-122.19,37.79,28,3144,761,1737,669,2.9297,140500
-122.2,37.79,49,882,195,737,210,2.6667,122000
-122.2,37.79,44,1621,452,1354,491,2.619,134700
-122.2,37.79,45,2021,528,1410,480,2.7788,115400
-122.21,37.78,46,2239,508,1390,569,2.7352,137300
-122.22,37.78,44,2968,710,2269,610,2.3906,111700
-122.21,37.78,43,1702,460,1227,407,1.7188,126800
-122.21,37.78,47,881,248,753,241,2.625,111300
-122.22,37.78,44,1678,514,1700,495,2.0801,131900
-122.21,37.77,52,591,173,353,137,4.0904,80600
-122.21,37.77,52,745,153,473,149,2.6765,88800
-122.21,37.77,43,1017,328,836,277,2.2604,1e+05
-122.19,37.77,42,932,254,900,263,1.8039,92300
-122.2,37.77,39,2689,597,1888,537,2.2562,94800
-122.2,37.77,41,1547,415,1024,341,2.0562,102000
-122.2,37.78,52,2300,443,1225,423,3.5398,158400
-122.2,37.78,39,1752,399,1071,376,3.1167,121600
-122.21,37.78,44,1729,414,1240,393,2.3125,102800
-122.19,37.77,52,2170,428,1086,425,3.3715,143900
-122.19,37.77,52,2329,445,1144,417,3.5114,151200
-122.19,37.78,52,2492,415,1109,375,4.3125,164400
-122.19,37.78,52,2198,397,984,369,3.22,156500
-122.18,37.78,33,142,31,575,47,3.875,225000
-122.19,37.78,52,1070,193,555,190,3.7262,166900
-122.18,37.79,39,617,95,236,106,5.2578,253000
-122.18,37.79,46,2109,387,922,329,3.9712,208100
-122.19,37.79,47,1229,243,582,256,2.9514,198100
-122.19,37.79,50,954,217,546,201,2.6667,172800
-122.13,37.77,24,2459,317,916,324,7.0712,293000
-122.16,37.79,22,12842,2048,4985,1967,5.9849,371000
-122.17,37.78,42,1524,260,651,267,3.6875,157300
-122.18,37.78,50,1642,322,713,284,3.2984,160700
-122.17,37.78,49,893,177,468,181,3.875,140600
-122.17,37.78,52,653,128,296,121,4.175,144000
-122.16,37.77,47,1256,217,570,218,4.375,161900
-122.16,37.77,48,977,194,446,180,4.7708,156300
-122.16,37.77,45,2324,397,968,384,3.5739,176000
-122.17,37.77,39,1612,342,912,322,3.3958,141900
-122.17,37.76,47,2118,413,965,382,2.1842,107900
-122.18,37.76,37,1575,358,933,320,2.2917,107000
-122.18,37.76,52,754,175,447,165,3.9063,93800
-122.18,37.76,49,2308,452,1299,451,1.8407,96700
-122.18,37.77,27,909,236,396,157,2.0786,97500
-122.18,37.77,52,2744,547,1479,554,2.2768,96200
-122.18,37.77,52,1748,362,1029,366,2.0556,1e+05
-122.19,37.76,52,2024,391,1030,350,2.4659,94700
-122.2,37.76,47,1116,259,826,279,1.75,85700
-122.19,37.77,41,2036,510,1412,454,2.0469,89300
-122.19,37.77,45,1852,393,1132,349,2.7159,101400
-122.2,37.75,36,606,132,531,133,1.5809,70000
-122.2,37.76,37,2680,736,1925,667,1.4097,84600
-122.19,37.76,38,1493,370,1144,351,0.7683,81800
-122.19,37.75,19,2207,565,1481,520,1.3194,81400
-122.19,37.75,28,856,189,435,162,0.8012,81800
-122.19,37.74,36,847,212,567,159,1.1765,87100
-122.18,37.74,42,541,154,380,123,2.3456,83500
-122.19,37.73,44,1066,253,825,244,2.1538,79700
-122.19,37.74,43,707,147,417,155,2.5139,83400
-122.18,37.73,42,909,215,646,198,2.9063,80000
-122.18,37.73,43,1391,293,855,285,2.5192,76400
-122.18,37.73,42,4074,874,2736,780,2.455,82400
-122.17,37.74,41,1613,445,1481,414,2.4028,97700
-122.17,37.74,43,818,193,494,179,2.4776,101600
-122.17,37.74,46,1026,226,749,225,3.0298,107600
-122.17,37.74,46,769,183,693,178,2.25,84200
-122.18,37.75,45,330,76,282,80,4.0469,80700
-122.17,37.75,38,992,279,732,259,1.6196,85100
-122.18,37.75,36,1047,214,651,166,1.712,82100
-122.16,37.76,45,2299,514,1437,484,2.5122,95500
-122.16,37.76,46,1827,307,881,302,4.6696,164300
-122.16,37.76,36,2781,574,1438,519,2.4598,155500
-122.14,37.77,27,2229,365,1297,355,4.8304,279100
-122.14,37.76,34,1513,231,545,211,5.5701,252800
-122.12,37.75,33,1809,261,808,219,6.86,250000
-122.13,37.75,36,768,93,229,93,5.3602,330000
-122.16,37.75,46,954,161,429,154,2.925,142900
-122.15,37.75,40,1445,256,849,255,3.8913,126300
-122.15,37.75,44,1938,399,946,331,3.225,135800
-122.15,37.74,41,856,178,571,191,3.1458,130600
-122.16,37.75,44,617,131,378,135,2.5568,111100
-122.15,37.74,43,1383,275,853,272,3.5083,122000
-122.15,37.74,49,1325,277,764,282,3.3125,118000
-122.16,37.75,35,667,140,406,133,3.8047,94300
-122.16,37.74,43,1534,300,826,295,4.0417,109400
-122.16,37.74,46,1029,181,567,211,3.4844,129500
-122.16,37.74,44,1097,239,609,215,2.0227,103100
-122.29,37.9,52,1604,263,594,286,5.338,270900
-122.3,37.9,38,2263,522,1027,509,3.5125,224200
-122.29,37.89,52,3171,698,1498,696,3.1795,218200
-122.29,37.89,52,2269,380,1004,371,5.1696,261400
-122.29,37.89,52,2178,421,940,423,5.0551,232200
-122.27,37.9,42,1650,274,645,256,5.6228,375400
-122.26,37.9,52,1927,279,705,288,7.8864,357300
-122.27,37.89,52,3046,373,975,365,8.8342,430500
-122.28,37.9,52,2318,328,779,312,7.1754,362900
-122.28,37.89,52,1225,169,412,168,5.7912,327100
-122.27,37.89,52,1978,293,723,272,5.3989,335600
-122.26,37.9,37,2220,335,903,362,7.8336,371300
-122.26,37.89,52,3078,494,1005,462,6.381,342200
-122.25,37.89,37,3000,457,987,450,7.5385,350000
-122.27,37.88,52,3360,648,1232,621,4.2813,284900
-122.27,37.88,44,2252,592,989,550,3.0132,272900
-122.28,37.88,52,1172,215,489,218,3.9167,235600
-122.29,37.88,52,2159,424,824,388,3.8897,218400
-122.3,37.86,50,499,127,287,128,2.75,140600
-122.3,37.87,52,3123,749,1695,684,2.2208,144800
-122.28,37.87,52,589,132,288,131,3.5156,2e+05
-122.28,37.87,49,2026,548,963,521,1.9805,173700
-122.29,37.87,52,895,198,386,204,3.875,182600
-122.28,37.87,46,3022,696,1293,675,2.543,220700
-122.28,37.87,46,1777,446,805,431,2.8676,212000
-122.26,37.88,52,1149,255,483,249,4.2788,332500
-122.26,37.88,52,2604,837,1798,769,1.725,287500
-122.28,37.86,52,938,195,393,189,3.8594,196400
-122.28,37.87,52,1233,300,571,292,2.2788,182300
-122.29,37.87,52,2225,460,1145,430,2.6165,150000
-122.28,37.86,52,2031,450,958,445,1.9327,169900
-122.28,37.85,52,2246,472,1005,449,2.4167,152700
-122.28,37.86,52,1999,417,780,358,3.3906,179300
-122.28,37.86,52,3007,691,1582,636,2.5652,157700
-122.28,37.86,41,2214,550,1213,568,2.2845,153100
-122.27,37.86,52,1088,305,486,267,2.6071,250000
-122.27,37.86,52,834,186,494,175,3.15,206300
-122.27,37.86,52,1769,372,849,365,2.6914,218800
-122.27,37.86,52,2307,583,1127,548,1.8447,198200
-122.26,37.86,35,5161,1744,3276,1742,1.6307,253600
-122.26,37.86,52,3774,744,1461,679,2.9405,289500
-122.26,37.86,52,2888,604,1253,538,3.3893,241700
-122.25,37.86,52,1709,318,719,295,5.0463,456300
-122.25,37.86,52,4048,663,1316,590,5.3794,376900
-122.26,37.85,52,3618,768,1508,755,3.2619,309600
-122.27,37.85,52,4076,920,1800,815,2.7054,182300
-122.27,37.85,47,2077,400,719,326,2.2431,172700
-122.27,37.85,50,1279,300,675,255,1.9028,150800
-122.27,37.85,47,1375,307,843,319,1.3785,142300
-122.28,37.85,44,1025,198,506,204,1.73,147900
-122.28,37.85,48,2063,484,1054,466,2.2625,132900
-122.29,37.84,35,1872,419,1017,414,2.2106,132500
-122.28,37.83,52,3108,813,1623,765,2.6997,126900
-122.3,37.84,14,7355,2408,3100,2051,4.0018,143800
-122.23,37.82,52,3051,381,1005,369,8.1872,466100
-122.24,37.83,52,1757,246,585,227,5.8948,457800
-122.24,37.83,52,2449,312,916,316,8.1194,471600
-122.24,37.82,52,3665,517,1470,520,6.155,398600
-122.24,37.77,52,1153,235,481,223,2.6411,241000
-122.25,37.77,52,2650,566,1468,567,3.0161,215700
-122.25,37.77,52,1038,220,482,215,3.1771,210200
-122.26,37.78,52,1045,239,496,216,2.9213,190800
-122.27,37.78,52,1408,280,718,265,2.6806,207900
-122.27,37.78,52,1222,264,630,265,3.7708,215300
-122.27,37.78,45,1169,263,723,286,3.9444,212900
-122.27,37.78,13,2020,535,959,486,5.2601,292700
-122.28,37.79,30,4145,869,3668,855,2.5444,275000
-122.3,37.77,42,2038,368,2037,355,2.6447,2e+05
-122.29,37.78,42,1241,309,821,300,1.9427,102200
-122.28,37.77,52,1468,363,870,347,2.9688,220800
-122.28,37.77,27,3997,1073,1901,966,3.75,242800
-122.28,37.78,50,1487,306,730,327,2.5139,219000
-122.26,37.77,52,1670,350,793,299,2.9732,282100
-122.27,37.77,52,1710,481,849,457,2.7115,220800
-122.26,37.77,52,2097,444,915,413,2.9899,228100
-122.26,37.77,52,1848,479,921,477,2.875,234000
-122.23,37.76,52,3011,542,1303,535,5.1039,273800
-122.23,37.76,52,1049,185,374,176,4.1458,248500
-122.23,37.76,52,1705,246,658,253,5.75,306300
-122.24,37.75,45,891,155,384,146,4.9489,247100
-122.24,37.76,52,2567,436,1119,415,4.6094,229300
-122.24,37.73,21,7031,1249,2930,1235,4.5213,228400
-122.25,37.74,25,1914,365,897,390,4.4562,206200
-122.27,37.73,31,5785,1379,2973,1312,3.2689,231000
-122.25,37.76,52,2876,648,1340,632,3.567,252900
-122.27,37.77,23,5679,1270,2690,1151,4.7695,291700
-122.06,37.77,12,14316,2045,5781,2007,7.2634,341600
-122.07,37.71,40,1808,302,746,270,5.3015,254900
-122.07,37.71,36,2879,480,1235,455,4.9801,241500
-122.08,37.72,31,3866,531,1368,521,6.187,340400
-122.09,37.71,35,2663,387,1086,367,5.1498,266400
-122.1,37.72,30,2599,366,922,350,5.8382,330200
-122.11,37.71,36,4569,824,1950,819,4.65,206800
-122.1,37.69,30,3115,625,1444,568,3.7222,195800
-122.09,37.7,31,2053,336,867,329,4.3375,241800
-122.08,37.71,38,1663,295,781,301,5.0519,227000
-122.08,37.71,38,3716,657,1784,652,4.8237,220900
-122.08,37.7,32,2718,447,1156,410,5.2497,259300
-122.07,37.7,39,1420,272,645,277,4.125,232500
-122.06,37.7,33,3906,790,1912,770,3.5187,209400
-122.07,37.7,32,3400,736,1487,694,3,223200
-122.08,37.7,25,3402,758,1645,710,3.4934,209900
-122.09,37.7,33,4413,1107,2239,1051,2.9861,208200
-122.09,37.69,20,4296,817,1732,800,4.8036,188300
-122.15,37.74,52,2898,557,1338,550,3.851,183500
-122.14,37.74,52,1071,201,440,192,4.0662,204200
-122.14,37.73,51,2619,403,922,393,4.6042,251900
-122.15,37.74,49,1494,316,611,288,2.2,187500
-122.16,37.73,52,2260,416,994,412,4.1164,198200
-122.15,37.73,45,3758,819,1573,736,2.8355,245400
-122.16,37.73,52,1114,206,425,207,2.5625,175000
-122.18,37.72,45,1498,313,1003,305,3.8047,156700
-122.18,37.7,36,2639,533,1209,519,4.0268,205500
-122.19,37.71,36,361,69,158,58,5.5461,262500
-122.17,37.72,42,3008,659,1817,664,3.371,165000
-122.17,37.72,46,1369,284,766,289,3.5313,159700
-122.17,37.72,5,1692,398,814,328,3.663,158300
-122.15,37.73,28,2215,587,830,573,2.1898,141700
-122.15,37.72,47,1190,251,540,266,3.375,198300
-122.15,37.72,29,4169,1047,2024,962,2.8125,157400
-122.14,37.73,43,2264,390,931,368,3.8125,235100
-122.13,37.73,33,1996,268,686,270,6.9096,341800
-122.13,37.72,35,2183,383,976,392,3.8393,243500
-122.12,37.71,35,1037,207,552,210,4,167900
-122.14,37.72,39,786,132,288,132,3.5156,218900
-122.13,37.72,45,2315,451,1006,444,3.524,186200
-122.13,37.71,44,1613,339,776,346,3.1103,188900
-122.13,37.71,44,1421,298,609,270,3.5781,180000
-122.15,37.71,18,5778,1526,2441,1352,3.1682,202700
-122.14,37.71,27,3094,866,1364,789,2.6101,181700
-122.14,37.71,18,3905,1007,2197,1044,3.6932,166800
-122.13,37.69,17,2380,769,1216,643,3.395,271300
-122.16,37.7,36,2239,391,1203,379,5.0043,190400
-122.14,37.69,38,1571,317,874,301,4.4659,189100
-122.15,37.69,38,1246,221,637,222,3.6625,184600
-122.15,37.7,36,1468,252,733,229,3.4583,192600
-122.16,37.69,36,1118,219,625,228,3.7813,192200
-122.16,37.7,36,1097,208,568,225,2.9917,194600
-122.17,37.7,24,1755,365,952,362,4,202600
-122.17,37.69,24,2262,391,1125,366,4.7609,212600
-122.16,37.69,36,1480,278,796,283,4.3971,205700
-122.15,37.69,36,1545,273,863,267,4.0109,192900
-122.15,37.68,35,2632,447,1349,486,4.3864,205200
-122.15,37.68,30,2261,443,929,383,4.2841,213400
-122.15,37.69,39,1670,308,957,335,5.1312,183600
-122.14,37.69,37,2141,535,1093,555,2.9958,178400
-122.14,37.68,27,3337,613,1489,607,3.6364,219200
-122.14,37.68,31,3184,716,1561,628,2.7955,183100
-122.13,37.69,34,1131,278,560,237,2.875,161700
-122.12,37.71,38,1164,284,632,289,3.0345,152100
-122.12,37.69,35,2681,508,1580,536,4.1042,179100
-122.12,37.7,19,2495,635,1571,579,2.5833,159900
-122.11,37.7,23,1689,461,828,443,2.1552,161400
-122.11,37.7,19,2693,789,1765,724,2.4206,137500
-122.11,37.69,42,1472,310,768,309,3.4643,160900
-121.97,37.64,32,1283,194,485,171,6.0574,431000
-122.07,37.68,36,1815,426,1280,431,3.25,218100
-122.06,37.68,30,5367,1207,2667,1047,3.1796,170300
-122.09,37.69,43,500,110,273,120,3.3125,150000
-122.1,37.68,37,2116,503,1109,448,2.535,174000
-122.11,37.68,37,1976,481,1197,465,2.5772,170200
-122.1,37.67,34,3659,897,2479,903,2.9564,150500
-122.12,37.68,35,1958,484,1146,448,2.95,148900
-122.12,37.68,37,2412,394,975,375,4.0417,191100
-122.11,37.67,36,2110,389,952,370,3.8,187500
-122.12,37.68,45,2179,401,1159,399,3.4839,180600
-122.13,37.68,44,2147,399,1175,401,4.1974,179300
-122.13,37.68,43,1676,340,924,328,3.6,179400
-122.14,37.67,34,3036,533,1366,500,4.2386,192300
-122.14,37.67,37,3342,569,1635,557,4.7933,186900
-122.13,37.67,40,1748,318,914,317,3.8676,184000
-122.12,37.67,33,3429,681,1798,694,3.9395,184700
-122.11,37.67,38,1035,247,599,224,3.0917,167200
-122.11,37.67,32,3028,811,2037,703,3.0645,165400
-122.09,37.67,33,2431,655,1854,603,2.7019,154000
-122.09,37.67,39,2069,500,1408,478,3.1115,153500
-122.09,37.66,40,1340,313,766,271,3.4722,135400
-122.05,37.68,32,2015,318,1019,340,6.1104,240700
-122.07,37.67,28,2932,739,1198,624,3.2417,210800
-122.07,37.67,38,2104,409,1039,394,3.875,165300
-122.04,37.67,18,3000,419,1155,415,6.8233,332600
-122.04,37.66,23,2419,348,1066,384,6.3501,350000
-122.07,37.66,21,5031,1168,2461,1042,3.875,179300
-122.08,37.66,33,1547,372,1063,356,2.5625,154300
-122.07,37.65,31,3300,790,2181,740,3.016,161800
-122.08,37.65,17,5018,1439,3069,1299,2.7694,161900
-122.08,37.65,35,1813,393,1093,374,3.6818,165400
-122.09,37.65,35,1130,192,543,184,4.3897,190600
-122.09,37.65,35,1184,200,572,194,4.7143,193800
-122.1,37.66,34,656,115,342,112,4.6875,200600
-122.11,37.66,29,2544,643,2332,603,3.2091,150000
-122.11,37.66,36,1755,316,913,299,4.1302,172700
-122.11,37.66,35,2843,652,1726,643,3.09,174100
-122.12,37.65,26,162,27,86,25,2.375,137500
-122.1,37.63,18,9963,2031,5613,1946,3.8171,187200
-122.1,37.61,35,2361,458,1727,467,4.5281,173600
-122.13,37.66,19,862,167,407,183,4.3456,163000
-122.11,37.64,31,1487,280,854,301,5.2312,197600
-122.11,37.64,8,3592,849,1907,746,3.6708,197900
-122.12,37.64,40,432,102,264,77,3.8875,228100
-122.09,37.64,32,1578,284,836,292,3.9063,184200
-122.09,37.64,36,1885,307,853,271,4.1141,173100
-122.08,37.64,30,5267,1253,4065,1113,3.3479,182100
-122.08,37.64,23,1897,440,1109,418,3.142,179500
-122.08,37.63,31,767,171,548,185,3.7614,176000
-122.07,37.64,22,5861,1516,5436,1463,2.5158,134900
-122.07,37.63,27,2784,723,2028,693,2.4808,157600
-122.06,37.64,37,1468,304,1038,282,4.1652,158200
-122.06,37.64,20,1655,450,857,430,3.5541,350000
-122.06,37.64,33,1160,252,729,220,3.8259,146100
-122.04,37.63,33,952,172,369,159,3.2331,226700
-122.03,37.62,35,2072,352,1001,350,4.7109,198700
-122.04,37.62,35,657,118,328,134,3.8125,204200
-122.04,37.62,32,1540,324,793,302,3.2857,193200
-122.03,37.61,36,1409,271,1002,281,3.7262,164900
-122.03,37.61,37,1383,259,808,241,4.0125,161400
-122.04,37.61,36,1151,216,727,215,4.1719,187000
-122.04,37.62,35,899,179,455,185,4.2857,190400
-122.08,37.62,17,2485,518,1139,550,2.6875,157300
-122.07,37.63,35,1931,376,1175,337,3.7292,168100
-122.06,37.63,12,6711,1374,3388,1289,3.8625,208900
-122.06,37.63,23,1939,356,841,364,3.3611,169200
-121.99,37.61,9,3666,711,2341,703,4.6458,217000
-122.02,37.6,32,1295,280,1156,300,3.5,154300
-122.02,37.6,32,1295,295,1097,328,3.2386,149600
-122.03,37.61,33,1518,302,831,268,5.097,188600
-122.06,37.6,22,3009,497,1640,514,4.625,235300
-122.06,37.6,18,1726,276,1186,310,5.3226,231700
-122.08,37.58,15,2576,418,1657,410,5.5218,254400
-122.07,37.58,16,1893,338,1461,344,5.225,213700
-122.04,37.59,14,1727,302,1116,273,5.3428,243600
-122.05,37.59,15,6243,1273,3163,1274,3.7462,212500
-122.02,37.59,18,1165,333,855,319,3.6923,213200
-121.97,37.57,21,4342,783,2172,789,4.6146,247600
-121.96,37.58,15,3575,597,1777,559,5.7192,283500
-121.99,37.58,31,2878,478,1276,485,6.2073,282500
-122,37.58,6,4405,717,2071,688,5.8151,295600
-122.01,37.57,14,16199,2993,8117,2847,5.8322,281800
-122.04,37.58,14,14917,2708,8012,2606,5.6277,269800
-122.04,37.57,12,5719,1064,3436,1057,5.2879,231200
-122.07,37.57,8,8647,1407,5019,1379,6.5615,318300
-122.06,37.58,15,8112,1376,4576,1348,5.6758,253400
-122.05,37.57,7,10648,1818,6075,1797,6.1047,278200
-121.93,37.49,5,1150,311,648,245,3.5714,3e+05
-122.01,37.56,6,3028,778,1531,736,4.4259,158000
-122.01,37.55,26,2068,532,1434,495,3.3008,224200
-122.02,37.55,33,1325,274,909,267,4.5687,177200
-121.99,37.56,18,5505,1005,2641,971,5,269700
-121.96,37.55,4,3746,993,1606,838,4.1387,162500
-121.98,37.54,17,5133,1375,3386,1339,3.1326,220800
-121.99,37.55,16,6647,2098,4649,1903,2.9074,213800
-121.94,37.56,15,5674,748,2412,714,8.3996,442900
-121.95,37.55,21,10687,1540,4552,1520,6.6478,333400
-121.94,37.54,27,3715,526,1631,538,6.2179,305300
-121.94,37.53,33,2095,342,941,304,5.761,259600
-121.96,37.53,23,2215,475,1278,492,4.2955,218800
-121.97,37.53,35,2277,420,1353,413,4.75,197000
-121.98,37.53,28,2829,566,1610,540,4.6,223200
-121.99,37.54,18,3584,715,1673,661,3.9444,240100
-121.99,37.54,28,3046,507,1772,516,5.3283,227900
-121.99,37.55,28,2414,415,1106,453,4.8403,268600
-122,37.54,26,1910,371,852,357,5.8325,298900
-122.01,37.53,27,1890,303,889,314,5.7057,287600
-121.97,37.51,25,3333,511,1671,504,5.4359,258300
-121.95,37.52,33,3994,764,2721,763,5.2308,196900
-121.96,37.52,26,4211,741,2352,734,5.2396,223900
-122.03,37.55,26,3087,532,1597,483,4.9118,217300
-122.05,37.54,25,4209,731,2568,703,5.2882,223100
-122.05,37.55,23,4247,835,2357,823,5.1321,211300
-122.03,37.54,35,1867,343,1213,338,4.8214,186000
-122.03,37.54,16,4458,856,3038,870,5.0739,208000
-122.03,37.53,18,1746,437,1268,404,3.256,183300
-121.92,37.72,4,7477,1576,2937,1506,5.1437,299400
-121.93,37.72,26,3816,637,1935,642,4.4697,221300
-121.94,37.71,15,6473,1027,2484,970,5.0143,271100
-121.96,37.71,6,8072,1050,3386,1062,7.2494,336500
-121.92,37.69,13,3742,555,1590,559,7.316,285400
-121.9,37.66,18,7397,1137,3126,1115,6.4994,323000
-121.92,37.68,23,1655,223,706,219,7.2211,291900
-121.91,37.69,23,2179,308,926,299,5.9345,259600
-121.88,37.68,23,2234,270,854,286,7.333,337200
-121.88,37.67,16,4070,624,1543,577,6.5214,311500
-121.88,37.67,25,2244,301,937,324,6.4524,296900
-121.89,37.67,20,2948,471,1181,474,6.0604,247900
-121.89,37.67,19,2034,288,852,295,6.5285,300400
-121.9,37.67,15,2130,273,876,285,7.2639,332400
-121.9,37.67,7,9540,1294,3926,1229,7.4353,389800
-121.87,37.66,39,522,116,161,102,2.4896,238500
-121.87,37.57,13,5519,833,2444,825,7.0691,393200
-121.87,37.67,28,1812,294,853,278,4.9879,229400
-121.85,37.68,4,4719,741,1895,742,6.8132,282500
-121.85,37.66,14,4236,701,1833,663,5.6399,300600
-121.86,37.66,22,3634,664,1699,640,4.1597,293200
-121.84,37.66,13,13182,2074,4847,1950,5.6417,352900
-121.82,37.73,47,127,23,51,21,4.3472,375000
-121.62,37.61,26,1786,306,771,279,5.7239,430600
-121.61,37.77,32,404,74,144,58,4.2083,125000
-121.73,37.71,12,5608,1049,2595,1067,3.9864,200200
-121.75,37.71,11,12070,2220,5826,2125,4.8624,192400
-121.82,37.69,12,1906,351,802,319,4.9375,227700
-121.77,37.68,36,1687,372,950,372,3.5532,158400
-121.78,37.69,35,2853,588,1761,572,4.3533,168400
-121.76,37.7,9,3980,736,1705,679,5.7068,256700
-121.75,37.69,26,2647,536,1422,522,3.7212,183800
-121.76,37.68,35,1864,357,1189,349,4.2361,177500
-121.73,37.68,17,20354,3493,8768,3293,5.4496,238900
-121.78,37.68,17,3112,872,1392,680,3.0222,172500
-121.77,37.67,20,8068,1217,3489,1259,5.7907,264200
-121.76,37.67,6,3023,518,1225,468,6.3705,350000
-121.78,37.67,26,2211,344,1024,321,5.2649,199800
-121.78,37.67,28,1773,278,804,269,4.8571,201100
-120.56,38.48,14,3545,702,946,411,3.4609,120900
-120.59,38.45,13,2944,558,1091,466,3,119000
-120.55,38.46,16,1443,249,435,181,3.2031,129200
-120.55,38.43,18,1564,357,618,277,2.3549,108900
-120.79,38.54,34,1133,254,495,187,2.05,68900
-120.8,38.51,23,1001,195,369,157,3.125,96400
-120.76,38.47,17,1521,309,607,240,3.5,123800
-120.69,38.44,13,1473,265,597,228,4.2917,121300
-120.93,38.5,15,1248,234,529,216,3.3393,107200
-120.97,38.42,16,1748,322,4930,287,4.3029,121900
-120.88,38.32,18,2791,492,1187,438,3.2589,103000
-120.93,38.26,13,2084,449,834,305,3.2937,114200
-120.72,38.38,9,1787,347,806,306,2.525,157200
-120.8,38.31,37,1341,256,533,242,3.2135,123600
-121.82,39.76,23,6010,1116,2710,1149,3.0068,107300
-121.86,39.78,12,7653,1578,3628,1494,3.0905,117800
-121.85,39.77,17,5273,1177,2446,1199,1.9362,89900
-121.86,39.76,19,7254,1785,4030,1667,2.0094,87300
-121.88,39.74,12,14631,3298,7517,3262,1.6785,153100
-121.87,39.75,22,1707,296,822,297,3.6625,126600
-121.86,39.75,18,1651,309,856,293,3.5046,118300
-121.87,39.74,7,1737,290,747,265,3.9,147000
-121.85,39.75,39,568,127,267,129,1.8095,78100
-121.85,39.74,39,1139,265,623,264,2.2833,85800
-121.85,39.73,17,3425,827,2469,758,0.9393,88900
-121.86,39.74,13,3494,843,1571,784,1.1019,120200
-121.84,39.74,43,2976,599,1181,560,2.2621,85100
-121.82,39.75,29,7744,1375,3316,1365,3.0253,111400
-121.8,39.75,11,7212,1355,3264,1264,3.1125,122600
-121.79,39.73,8,5690,1189,2887,1077,3.0625,116300
-121.84,39.73,52,957,263,513,223,1.3672,55000
-121.83,39.73,52,1741,401,753,377,2.0064,77900
-121.85,39.72,18,7272,1559,5022,1524,1.6911,98800
-121.81,39.71,18,1222,250,708,281,2.0288,116700
-121.68,39.82,15,3996,748,1786,728,3.5189,141300
-121.51,39.97,22,1468,285,611,235,2.3036,73000
-121.59,39.86,14,1527,269,665,261,2.8657,119600
-121.58,39.83,16,4591,904,1904,812,2.2419,93200
-121.6,39.8,10,1742,307,721,312,2.4537,117900
-121.62,39.79,11,3835,727,1456,658,2.5374,97200
-121.59,39.82,12,1958,369,875,354,2.3507,97600
-121.6,39.83,12,3744,699,1532,660,2.3079,95300
-121.63,39.82,11,3974,727,1610,634,2.6147,107700
-121.59,39.79,20,743,171,395,168,1.625,88300
-121.59,39.78,16,2754,570,1063,543,1.4048,86500
-121.59,39.78,18,945,205,385,207,2.1838,58000
-121.6,39.77,26,1503,343,699,296,1.875,84000
-121.57,39.8,23,790,137,365,152,2.1912,115200
-121.57,39.78,18,2221,459,952,440,2.0458,105700
-121.59,39.77,24,1535,276,664,273,2.3068,97300
-121.57,39.76,20,1384,257,557,232,2.0882,104900
-121.58,39.76,19,2487,485,1110,453,3.1061,110200
-121.6,39.77,23,2263,497,1138,455,2.3403,87300
-121.6,39.76,22,2447,556,1157,556,1.8245,85500
-121.61,39.76,31,2431,512,1026,427,2.5428,85000
-121.62,39.77,23,1759,366,788,359,1.8125,93500
-121.62,39.75,20,1173,261,523,258,1.0625,92800
-121.63,39.75,37,1296,296,569,257,1.8616,70500
-121.71,39.71,17,2748,556,1174,514,3.066,102600
-121.57,39.74,17,1619,292,705,285,2.4623,126100
-121.6,39.68,15,1677,345,844,330,2.3958,111200
-121.41,39.72,17,1583,331,730,306,2.3895,87500
-121.19,39.55,17,1483,284,481,211,1.4896,83300
-121.56,39.52,9,818,197,358,197,1.7708,79500
-121.54,39.6,15,886,204,576,205,2.1467,84100
-121.46,39.54,14,5549,1000,1822,919,2.9562,142300
-121.47,39.49,17,1554,242,553,230,3.2174,91800
-121.53,39.52,30,1030,161,448,159,2.4821,73800
-121.52,39.51,30,3085,610,1688,575,2.334,72200
-121.55,39.51,39,1551,353,684,310,2.0357,57600
-121.55,39.51,48,827,198,396,161,0.8024,58300
-121.55,39.51,50,1050,288,485,260,1.1607,51700
-121.56,39.51,47,1064,245,603,190,1.3654,57900
-121.58,39.51,24,1865,372,1087,385,1.6389,56700
-121.62,39.5,18,2105,416,974,385,1.6346,63300
-121.61,39.52,24,1610,324,909,323,1.8661,59800
-121.57,39.48,15,202,54,145,40,0.8252,42500
-121.55,39.5,26,3215,827,2041,737,1.0585,45100
-121.54,39.5,38,1438,310,779,275,1.3289,39400
-121.53,39.49,19,1537,329,617,274,1.5313,50300
-121.54,39.48,29,2896,596,1809,617,1.8047,53800
-121.49,39.49,20,2505,468,1174,429,2.9965,88900
-121.52,39.49,30,1217,238,677,233,2.6563,63600
-121.55,39.45,18,2278,523,1185,475,1.3611,60600
-121.52,39.43,15,2119,389,1079,374,2.3566,80400
-121.59,39.39,22,2515,482,1284,462,2.1776,73800
-121.67,39.37,27,2599,502,1241,502,1.9943,86300
-121.65,39.35,24,1003,251,1098,227,1.7552,86400
-121.69,39.36,29,2220,471,1170,428,2.3224,56200
-121.7,39.37,32,1852,373,911,365,1.7885,57000
-121.7,39.36,46,1210,243,523,242,1.91,63900
-121.7,39.36,37,2330,495,1505,470,2.0474,56000
-121.74,39.38,27,2596,435,1100,409,2.3243,85500
-121.71,39.42,21,1432,284,862,275,2.2813,57600
-121.71,39.41,22,1814,342,941,323,2.1728,59400
-121.79,39.48,39,1105,180,408,166,3.3929,82100
-120.46,38.15,16,4221,781,1516,697,2.3816,116000
-120.55,38.12,10,1566,325,785,291,2.5,116100
-120.56,38.09,34,2745,559,1150,491,2.3654,94900
-120.54,38.07,37,736,148,339,140,2.2875,79900
-120.79,38.24,19,1003,235,538,190,2.9821,90400
-120.9,38.2,16,3120,641,1319,526,2.0472,93200
-120.88,38.16,8,2029,387,1000,364,4.0109,125900
-120.76,38.12,7,7188,1288,3175,1115,3.8488,130600
-120.65,38.28,21,3095,681,1341,546,2.1382,104000
-120.72,38.24,32,2685,543,1061,492,2.5473,101600
-120.67,38.19,17,2967,611,1387,564,2.0417,92600
-120.42,38.42,18,2912,663,999,411,2.7344,91900
-120.33,38.26,13,2962,546,252,103,4.4063,155800
-120.34,38.25,17,5497,1056,997,408,2.9821,111500
-121.91,39.03,48,1096,218,657,199,2.7841,65800
-122.13,39,23,3832,774,2435,747,2.2754,59200
-122.04,39.22,27,1446,295,670,281,3.2625,92800
-122.17,39.31,35,2791,552,1395,476,2.5625,62700
-121.72,38,7,7957,1314,4460,1293,4.9618,156500
-121.72,37.98,5,7105,1143,3523,1088,5.0468,168800
-121.71,37.99,27,3861,718,2085,707,3.3558,129700
-121.68,37.93,44,1014,225,704,238,1.6554,119400
-121.7,37.96,33,2396,452,1391,465,3.2813,151400
-121.7,37.93,19,2005,405,972,403,2.2216,156700
-121.6,37.9,5,14684,2252,4276,1722,6.9051,340900
-121.64,37.85,22,1999,415,967,320,4.4583,253900
-121.8,38.01,46,2273,495,1088,447,2.2532,109400
-121.84,38.02,46,66,22,37,21,0.536,87500
-121.78,38.01,19,2688,469,1216,422,4.4491,133900
-121.79,38.01,17,4032,814,1749,618,3.1728,146800
-121.79,38,34,3090,593,1588,566,3.6118,124700
-121.8,38.01,44,3184,581,1399,548,2.7234,110200
-121.81,37.99,18,2807,445,1315,437,4.8194,170400
-121.81,37.99,22,2331,359,1086,340,5.1435,150800
-121.82,37.98,13,3995,605,1969,607,5.0164,165200
-121.82,38.01,47,1265,254,587,247,2.6364,93500
-121.83,38,15,6365,1646,3838,1458,2.5495,103600
-121.83,37.99,18,2741,449,1507,460,4.7566,142500
-121.83,38,8,2572,738,1384,684,1.7161,75800
-121.84,37.99,13,4545,952,2188,901,3.3625,126100
-121.84,37.99,15,2380,385,1292,388,4.6029,142600
-121.79,38,36,1141,234,562,213,2.5893,108500
-121.79,37.99,10,4156,609,1878,586,5.6506,178600
-121.79,37.99,18,3646,534,1651,535,5.7321,164700
-121.8,38,34,2738,475,1316,459,3.5368,122500
-121.77,37.99,4,5623,780,2429,716,5.4409,205100
-121.88,38.03,10,2769,619,1045,469,4.1111,158600
-121.86,38.04,52,242,59,188,54,1.3958,67500
-121.87,38.02,52,2264,439,1403,476,2.7083,99400
-121.88,38.02,46,2112,466,1249,382,2.5737,87000
-121.89,38.02,36,2707,550,1827,545,3.3371,94600
-121.88,38.01,9,5329,1284,2827,1202,2.7374,150000
-121.88,38,22,721,117,367,129,5.3098,151900
-121.86,38,4,4075,927,2239,849,3.5857,165200
-121.87,38,17,2713,442,1475,415,4.8542,144100
-121.87,37.99,15,2203,312,1051,311,4.9783,163900
-121.9,38.01,16,2604,454,1696,481,4.6628,136000
-121.9,38.01,34,3779,766,2356,722,3.5129,110600
-121.9,38,14,1930,363,990,322,4.1094,162200
-121.9,38,14,2677,368,1288,375,6.0497,177500
-121.92,38.01,7,1632,248,879,262,6.1237,166000
-121.95,38.03,5,5526,1102,3207,1012,4.0767,143100
-121.94,38.03,27,1654,478,1141,420,1.4871,87100
-121.94,38.02,29,5765,1170,3266,1131,2.7907,113900
-121.92,38.03,16,2176,464,1410,434,3.5436,100200
-121.98,38.05,31,2810,518,1640,503,3.3661,98500
-122,38.03,4,2341,408,1235,431,6.0424,165900
-122.14,38.02,44,1625,432,825,385,2.0523,133900
-122.14,38.03,42,118,34,54,30,2.5795,225000
-122.13,38.01,51,1262,309,608,298,2.1974,139300
-122.13,38,33,2821,652,1206,640,2.5481,150800
-122.11,38.01,39,1313,306,575,231,3.1711,116100
-122.11,38.01,41,1345,272,718,283,3.3831,129400
-122.12,38,20,6992,1404,3221,1334,4.2042,166400
-122.09,38.02,37,1742,339,1128,345,3.8824,113700
-122.1,38.02,28,4308,824,2086,776,3.6523,159700
-122.09,38,6,10191,1882,4377,1789,5.2015,204200
-122.11,38,9,3424,583,1460,543,5.76,212600
-122.08,37.99,19,4657,739,1914,732,5.0509,199900
-122.09,37.99,19,3073,506,1773,493,5.4496,205400
-122.11,37.99,16,3913,710,1782,676,5.1297,206700
-122.1,37.97,18,4326,655,1753,646,5.6931,269600
-122.1,37.96,25,1374,206,569,235,6.3699,235500
-122.07,37.99,28,3310,574,1811,597,4.5401,166900
-122.07,37.98,12,6915,1639,2940,1468,4.0154,186100
-122.07,37.96,34,1692,290,836,289,5.0172,197100
-122.08,37.96,21,9135,1534,3748,1502,6.0859,266000
-122.07,37.95,39,2199,388,1025,385,4.5893,190000
-122.08,37.95,33,1043,157,425,148,4.8702,235600
-122.06,37.96,10,7136,1691,2959,1507,3.9816,182000
-122.07,37.94,30,1260,276,707,221,2.892,220800
-122.07,37.94,43,1454,234,683,258,4.475,265700
-122.09,37.95,32,1339,209,601,209,6.0265,247900
-122.04,38,16,3077,733,1447,709,3.2484,91100
-122.04,37.99,32,1504,279,749,267,3.2,134500
-122.04,37.99,36,2765,495,1478,441,4.125,136200
-122.05,37.97,16,60,10,65,19,6.1359,250000
-122.06,37.99,16,2445,469,721,474,2.8043,87500
-122.06,37.99,17,1319,316,384,269,1.8229,137500
-122.05,38,36,2476,472,1213,393,3.7333,136400
-122.03,38.01,27,3228,562,1666,588,4.5707,175900
-122.04,37.99,38,2675,541,1378,480,3.8897,139900
-122.03,37.98,45,2842,567,1261,535,3.6042,138200
-122.03,37.99,35,3103,537,1614,566,4.9022,169300
-122.02,37.99,37,2247,416,1237,397,4.45,161900
-122.03,37.98,44,1254,252,498,217,3.4531,148900
-122.01,37.98,29,2001,373,956,370,4.317,194000
-122,37.99,28,4035,641,1881,659,5.4607,192300
-121.99,37.98,23,2293,411,969,399,4.4536,184000
-122,37.98,36,404,77,237,88,4.525,161300
-122.01,37.98,34,1256,267,638,252,4.0507,161000
-121.97,37.97,27,1691,289,807,296,6.1168,210500
-121.97,37.96,28,1433,290,877,313,4.7891,184800
-121.96,37.96,28,1838,273,899,270,5.2145,229200
-121.96,37.95,7,3418,740,1583,676,3.6133,196100
-121.98,37.97,26,2714,390,1232,409,5.9617,231100
-121.99,37.97,30,3320,589,1470,543,4.6071,184100
-122,37.96,32,3364,666,1980,678,3.7,179000
-122,37.96,28,4071,713,2033,647,4.5833,190700
-121.98,37.96,12,5048,1122,2209,1014,3.1573,126700
-121.99,37.96,16,3324,479,1470,461,7.6166,260400
-121.99,37.96,17,2756,423,1228,426,5.5872,200600
-122.02,37.97,36,2342,436,1191,416,4,171000
-122.04,37.97,26,2470,626,1174,573,2.9861,160900
-122.04,37.97,21,6445,1839,3621,1735,2.5841,112500
-122.05,37.96,35,2190,384,1154,401,3.8456,159800
-122.04,37.96,28,1207,252,724,252,3.6964,165700
-122.01,37.95,8,3866,539,1555,513,6.0901,298200
-122.02,37.95,25,1205,260,608,272,2.4519,208300
-122.02,37.94,23,3516,661,1465,623,4.2569,213100
-122.02,37.94,19,3192,612,1317,594,4.125,267100
-122.01,37.93,25,2652,335,1062,334,7.5898,330200
-122.04,37.95,33,1653,334,814,328,3.1406,163100
-122.05,37.94,22,2105,354,993,365,4.6602,227800
-122.04,37.95,29,866,138,341,133,4.7188,197100
-122.05,37.95,22,5175,1213,2804,1091,2.85,144600
-122.03,37.94,21,5541,776,2214,737,5.5777,279300
-122.03,37.93,21,4712,624,1773,615,6.0918,344800
-122.05,37.93,5,4274,1153,1503,881,4.0473,266500
-122.02,37.92,26,5077,640,1872,636,7.4713,351200
-122.03,37.92,23,3318,408,1124,393,6.5847,358800
-122.01,37.91,21,10093,1269,3645,1219,7.6877,367700
-122.07,37.93,45,1544,244,614,238,5.0255,226000
-122.07,37.93,25,7201,1521,3264,1433,3.7433,252100
-122.08,37.92,28,2377,469,1068,435,4.4561,250000
-122.07,37.91,28,1731,295,810,295,5.0391,259800
-122.07,37.91,33,1550,277,638,254,3.6833,292500
-122.08,37.89,39,3018,501,1223,489,6.2924,283900
-122.06,37.88,34,4781,703,1879,714,6.5378,340900
-122.05,37.9,24,4125,1020,1699,873,2.9526,271000
-122.05,37.9,32,2676,484,986,473,4.6528,335700
-122.05,37.89,37,1677,269,689,283,4.2625,310600
-122.05,37.9,32,4498,862,1818,851,4.8088,321200
-122.04,37.9,20,5467,1044,2310,963,5.6986,275800
-122.03,37.86,29,3025,477,1035,452,6.112,390600
-121.94,37.73,22,6719,1068,2843,994,6.1265,260300
-121.95,37.74,19,1127,170,518,167,6.3325,250000
-121.94,37.75,17,2559,370,1238,377,6.2781,269800
-121.97,37.79,17,5688,824,2111,773,6.6131,312500
-121.98,37.8,16,2498,330,1027,343,8.155,343700
-121.96,37.81,12,6488,778,2404,765,8.3188,403400
-121.94,37.8,8,11336,1657,4089,1555,7.8287,369200
-121.95,37.78,4,14652,2826,5613,2579,6.3942,356700
-121.96,37.76,8,3865,463,1548,432,9.7037,425100
-121.94,37.76,4,6875,1439,2889,1307,4.6932,356100
-122.02,37.84,34,1879,265,729,263,7.7072,443800
-122.01,37.83,30,3917,549,1330,544,6.5617,386600
-122.03,37.87,21,3521,447,1396,467,8.2673,358700
-122.02,37.87,14,3056,369,1209,377,8.4352,441400
-122.03,37.86,25,3004,393,1145,376,7.2655,494000
-121.96,37.84,29,7479,977,2744,943,7.5139,398200
-121.99,37.83,16,2939,380,1177,396,8.0839,372000
-121.98,37.82,18,9117,1248,3280,1167,8.003,351300
-121.95,37.81,5,7178,898,2823,907,9.0776,450400
-122.1,37.9,38,827,144,368,136,6.5095,294400
-122.09,37.89,35,880,139,352,132,6.8686,406500
-122.1,37.89,21,3282,653,1398,601,5.2079,310300
-122.11,37.89,32,2372,516,1067,492,4.3235,279500
-122.11,37.88,37,4005,614,1602,606,6.4666,348200
-122.13,37.89,27,744,214,295,169,2.7411,350000
-122.13,37.87,18,1820,220,728,229,10.3713,426100
-122.14,37.88,34,6986,1096,2865,1124,6.2275,394400
-122.08,37.88,24,2059,462,410,294,2.3971,99400
-122.08,37.88,26,2947,647,825,626,2.933,85000
-122.08,37.87,24,6130,1359,1750,1286,2.9167,102700
-122.06,37.85,17,7475,1556,2092,1449,3.6437,186500
-122.07,37.86,23,1025,205,263,191,3.12,155000
-122.07,37.86,17,1102,224,317,208,3.5893,206300
-122.09,37.86,27,5484,760,2212,770,7.6202,402600
-122.12,37.85,18,5252,686,1870,657,8.0074,454100
-122.14,37.86,20,6201,1182,2415,1141,4.5744,314000
-122.14,37.84,24,2131,343,874,373,5.6349,355600
-122.16,37.89,32,1779,241,721,258,8.7589,434500
-122.17,37.88,32,3633,508,1393,506,7.6917,401800
-122.17,37.88,33,3626,502,1348,480,7.6107,423200
-122.17,37.87,38,1261,177,472,183,6.917,438000
-122.2,37.89,37,3881,560,1315,517,7.3195,367500
-122.18,37.89,18,4845,735,1634,734,8.1489,499000
-121.78,37.97,4,17032,2546,7653,2359,5.5601,213700
-121.96,37.99,2,3129,707,1606,698,2.9591,210100
-121.96,37.94,26,3084,505,1557,501,5.1582,194700
-121.96,37.95,25,4026,791,1850,709,4.1483,181200
-121.95,37.94,21,3153,411,1318,431,6.8642,285400
-121.97,37.93,4,3241,464,1552,494,6.6134,307000
-122.01,37.92,18,2808,337,1038,337,8.3956,353600
-122.01,37.92,16,2638,345,1055,334,8.1163,365800
-121.93,37.89,13,2085,292,852,264,7.3445,366700
-121.92,37.96,14,5332,884,2093,839,5.2798,237400
-121.94,37.95,18,2541,355,986,346,7.1978,288000
-121.94,37.94,26,1299,174,533,180,6.2296,291700
-121.93,37.93,16,2169,262,877,245,6.6049,312600
-122.25,38.03,15,3338,532,1834,520,5.6293,197600
-122.2,37.96,9,6306,962,2581,911,6.7741,310700
-122.23,38.05,52,1736,358,638,297,2.5517,147100
-122.21,38.06,52,2735,559,1076,487,3.6154,155700
-122.2,38.04,31,3029,500,1236,487,5.6022,197000
-122.32,38.06,4,7999,1611,3596,1396,5.0969,174200
-122.36,38.03,32,2159,393,981,369,4.3173,175400
-122.31,38.01,18,4123,874,1895,772,3.2759,195000
-122.28,37.99,28,3801,622,1654,571,4.375,193300
-122.26,37.98,28,2038,329,947,349,5.1178,198000
-122.27,37.99,16,4921,737,2312,725,5.8899,243200
-122.26,38.02,5,3846,786,2053,716,5.0473,184800
-122.26,38,6,678,104,318,91,5.2375,246400
-122.27,37.97,10,15259,2275,7266,2338,6.0666,272400
-122.3,37.97,30,4030,772,1777,718,3.6393,184000
-122.29,37.97,20,3426,632,1512,580,4.4911,227400
-122.32,37.95,37,1887,353,895,359,4.45,196600
-122.31,37.94,38,1794,349,810,335,3.8343,191400
-122.31,37.94,38,2172,403,945,384,4.3958,194200
-122.31,37.99,25,6508,1137,3259,1081,4.2348,157800
-122.3,37.98,25,3807,806,1821,792,3.6518,164300
-122.33,38,35,3779,711,2493,679,2.9781,109000
-122.32,37.99,24,4865,968,2315,893,4.2852,173500
-122.32,38,32,2275,397,1233,418,4.0437,162800
-122.33,37.99,4,3999,1079,1591,887,3.911,112500
-122.36,37.96,31,1157,276,956,232,1.5347,80400
-122.37,37.96,37,1572,402,1046,350,0.7403,68600
-122.34,37.98,33,2014,410,1354,427,3.9773,131300
-122.35,37.96,32,1991,504,1139,423,2.0353,113600
-122.33,37.97,19,5151,1335,2548,1165,3.3125,158800
-122.33,37.96,46,1222,236,819,251,3.9118,129400
-122.35,37.96,29,1899,524,1357,443,1.875,97200
-122.35,37.96,34,1428,335,1272,319,2.5461,93900
-122.33,37.95,22,2099,569,1135,509,2.1915,120800
-122.34,37.96,15,6487,1717,3408,1560,2.1991,133300
-122.32,37.94,38,2751,522,1390,489,3.7277,165100
-122.32,37.93,40,1141,213,434,196,3.9464,186900
-122.33,37.94,45,1226,279,590,260,2.8833,140400
-122.33,37.94,44,1769,332,828,309,4.0526,150800
-122.34,37.95,45,1128,240,702,270,3.6719,134100
-122.33,37.95,45,1585,329,981,373,3.0313,135800
-122.34,37.95,44,1788,368,933,329,2.875,133400
-122.36,37.95,38,1042,289,773,248,2.7714,104700
-122.34,37.94,47,2313,433,947,430,3.942,143300
-122.34,37.94,44,1917,444,936,435,2.7391,140300
-122.34,37.94,31,1611,455,786,411,1.681,145500
-122.34,37.94,42,2206,451,989,444,3.125,143900
-122.35,37.94,45,2112,493,1406,452,2.3456,105200
-122.35,37.94,47,1275,275,844,273,2.8967,95600
-122.36,37.94,26,1540,343,1007,338,1.3365,72900
-122.37,37.94,49,969,229,599,195,1.3167,71600
-122.36,37.93,17,1258,254,885,229,3.05,121600
-122.37,37.94,40,1064,266,912,239,1.0521,69100
-122.38,37.91,18,3507,711,1224,676,5.0524,269800
-122.41,37.94,52,154,33,89,38,3.2875,275000
-122.34,37.93,30,2515,481,1327,428,2.1287,95000
-122.36,37.93,42,1796,389,1107,372,1.9375,87000
-122.35,37.92,36,921,200,585,236,1.9224,94000
-122.36,37.92,52,215,41,126,43,1.3929,104200
-122.35,37.91,4,2851,798,1285,712,4.2895,186800
-122.33,37.93,27,2158,424,1220,442,3.0156,111500
-122.34,37.93,45,2225,486,1304,459,2.64,112100
-122.32,37.92,29,2304,399,1377,454,5.0187,140600
-122.32,37.92,28,4649,977,2606,953,3.2674,129100
-122.32,37.91,34,2669,647,1341,555,2.6399,119600
-122.31,37.93,36,2403,408,917,404,5.0399,253400
-122.32,37.93,40,3056,489,1103,481,5.1067,247300
-122.32,37.94,47,1911,283,697,275,6.2712,267700
-122.3,37.92,32,3943,605,1524,614,6.0677,321600
-122.29,37.92,35,583,88,235,84,5.943,288200
-122.29,37.92,32,1736,234,602,231,6.516,401000
-122.31,37.93,36,1526,256,696,263,3.5089,261900
-122.32,37.93,33,296,73,216,63,2.675,22500
-122.31,37.92,30,1014,236,537,204,2.8456,183300
-122.3,37.92,33,1615,271,710,285,4.0804,239000
-122.31,37.91,31,1432,348,681,348,2.7243,218100
-122.3,37.91,39,2686,569,1159,559,2.9441,200400
-122.3,37.9,37,2125,489,912,462,2.9219,217200
-122.3,37.9,41,2053,435,873,415,3.4091,223000
-122.3,37.9,35,1102,308,688,303,2.3946,141700
-122.29,37.92,36,1450,235,568,234,6,311400
-122.29,37.91,38,2591,424,905,378,5.1691,263200
-122.29,37.91,46,2085,346,748,354,4.0536,262000
-122.28,37.9,49,3191,516,1148,507,6.3538,333700
-122.28,37.91,41,3009,482,1053,490,5.828,324400
-124.17,41.8,16,2739,480,1259,436,3.7557,109400
-124.3,41.8,19,2672,552,1298,478,1.9797,85800
-124.23,41.75,11,3159,616,1343,479,2.4805,73200
-124.21,41.77,17,3461,722,1947,647,2.5795,68400
-124.21,41.75,20,3810,787,1993,721,2.0074,66900
-124.17,41.76,20,2673,538,1282,514,2.4605,105900
-124.14,41.95,21,2696,578,1208,494,2.275,122400
-123.83,41.88,18,1504,357,660,258,3.13,116700
-123.92,41.54,22,2920,636,1382,499,2.0202,71100
-119.94,38.96,20,1451,386,467,255,1.5536,212500
-119.95,38.95,22,1058,352,851,269,2.02,87500
-119.95,38.95,21,2046,580,952,353,1.7245,92200
-119.95,38.94,24,2180,517,755,223,2.5875,173400
-119.94,38.92,24,1258,216,235,96,4.6,136800
-119.98,38.94,25,1339,328,503,219,1.9018,109700
-119.99,38.94,22,3119,640,786,351,3.0806,118500
-119.99,38.93,23,1882,414,673,277,2.9091,141900
-119.98,38.93,25,1262,293,534,226,2.6607,90400
-119.98,38.92,28,1408,312,522,221,2.0708,89600
-120,38.93,17,8005,1382,999,383,3.9722,313400
-120.01,38.93,22,3080,610,1045,425,2.996,126100
-120.01,38.92,23,964,246,485,198,1.7188,96100
-120.02,38.91,22,2138,493,829,330,2.2056,107200
-120.02,38.92,24,1194,246,414,151,3.2396,101900
-119.99,38.88,17,2807,529,675,251,2.7457,107800
-119.92,38.91,15,3831,625,984,328,5.0718,162500
-119.96,38.84,17,2722,512,828,289,3.5714,109700
-120.04,38.86,16,2708,481,712,261,3.7891,117700
-120.03,38.89,15,3042,588,918,336,3.8333,118800
-120.06,39.01,19,2967,528,112,48,4.0714,437500
-120.72,38.94,10,1604,352,540,190,3.7625,113200
-120.92,38.86,11,1720,345,850,326,3.2027,128600
-120.84,38.81,11,1280,286,609,248,3.1635,132600
-120.79,38.83,15,1374,291,709,239,1.7222,118500
-120.3,38.9,11,1961,435,113,53,0.9227,95500
-121.08,38.67,10,2499,331,1040,333,6.844,239600
-121.06,38.7,9,13255,1739,5001,1627,6.314,228900
-120.99,38.69,5,5743,1074,2651,962,4.1163,172500
-121.02,38.66,4,7392,1155,3096,1065,4.5246,198900
-120.95,38.69,10,3421,563,1689,545,5.2032,217100
-120.97,38.65,9,3707,602,1601,555,4.0714,300600
-120.93,38.65,12,2213,384,1097,351,4.5568,170100
-120.91,38.62,12,4545,748,2033,718,4.1843,207600
-120.95,38.79,12,3247,579,1459,517,4.3981,202800
-120.86,38.75,15,1533,300,674,287,2.5625,146100
-120.83,38.74,17,3685,775,1714,734,2.2269,128300
-120.81,38.74,29,2259,482,1099,463,2.3314,121600
-120.76,38.76,21,3509,606,1576,564,2.6392,148500
-120.76,38.73,17,512,129,314,140,1.5625,108300
-120.81,38.73,42,1276,260,799,259,2.7273,128600
-120.78,38.72,19,4414,767,1865,699,3.6406,150900
-120.7,38.75,19,2325,430,967,376,2.9,158700
-120.71,38.73,17,2146,396,862,351,2.9219,141300
-120.58,38.77,15,2155,394,857,356,4.03,141200
-120.6,38.76,22,1236,273,615,248,3.0217,106900
-120.63,38.73,11,4577,836,1944,700,4.0675,140200
-120.62,38.71,10,6305,1150,2597,921,4.0197,132200
-120.54,38.75,9,3006,540,1102,418,3.9812,136600
-120.66,38.61,19,2715,596,1301,473,2.5042,126400
-120.59,38.53,15,432,87,208,73,3.6125,1e+05
-120.84,38.63,12,1313,231,731,232,5.7373,208300
-120.85,38.69,18,5928,1097,2697,1096,3.4872,141400
-120.79,38.7,13,5036,1034,2243,923,2.3319,138500
-119.81,36.74,36,607,155,483,146,1.5625,47500
-119.79,36.73,52,112,28,193,40,1.975,47500
-119.81,36.73,50,772,194,606,167,2.2206,59200
-119.78,36.73,52,1377,319,1280,259,1.2344,43300
-119.77,36.73,45,1081,241,821,230,1.7829,52600
-119.77,36.74,20,1855,519,1091,443,1.5547,93900
-119.78,36.75,35,2114,506,2050,474,1.2375,50000
-119.78,36.75,31,1404,379,1515,387,1.2813,56400
-119.79,36.75,33,3161,934,3530,846,1.123,46700
-119.82,36.72,25,2581,528,1642,509,1.6435,52600
-119.83,36.73,21,1702,358,1347,316,2.4137,62100
-119.83,36.72,28,60,10,46,13,4.35,67500
-119.79,36.72,19,1719,391,1369,368,1.25,53000
-119.8,36.72,15,1908,417,1383,375,1.0472,57800
-119.8,36.7,28,1592,304,962,282,1.3304,51300
-119.78,36.71,35,1987,394,1233,383,1.3587,45300
-119.74,36.71,17,5872,1250,5034,1224,2.1905,61800
-119.74,36.72,25,3972,842,2863,729,2.1304,58500
-119.75,36.72,22,3247,859,4179,881,1.3343,60800
-119.76,36.73,39,1553,363,1449,341,1.4419,45500
-119.75,36.73,39,2290,539,1685,536,1.6325,52100
-119.69,36.75,6,1926,303,965,316,4.7463,93100
-119.67,36.74,19,2788,614,1365,525,2.7813,120300
-119.69,36.75,13,2343,409,1347,405,4.0027,93100
-119.67,36.73,27,2845,417,1219,460,4.9196,117900
-119.69,36.73,30,2437,349,1005,380,7.2211,171700
-119.69,36.74,23,2097,385,911,405,3.5128,121600
-119.69,36.71,25,556,79,249,71,4.4583,108300
-119.67,36.72,31,843,140,453,149,2.6875,153800
-119.72,36.73,9,1914,491,1116,424,1.4646,65900
-119.72,36.72,15,1713,246,766,232,6.8162,127200
-119.73,36.72,26,2645,1005,1660,991,0.6991,89500
-119.71,36.73,19,3972,585,1586,560,5.2608,151400
-119.73,36.72,15,2246,456,1190,403,2.0294,70400
-119.73,36.68,32,755,205,681,207,1.7986,49300
-119.76,36.68,29,1243,312,836,277,1.8355,74200
-119.67,36.65,20,2512,449,1464,450,3.9211,92300
-119.63,36.64,33,1036,181,620,174,3.4107,110400
-119.74,36.65,19,2546,463,1257,418,2.9013,89500
-119.73,36.59,31,1551,296,1058,287,3.3438,92600
-119.89,36.73,43,524,93,302,93,2.6146,81300
-119.87,36.72,30,1584,316,984,300,2.0658,67900
-119.89,36.7,32,1485,269,867,271,2.5809,78300
-119.85,36.74,35,1191,190,537,182,3.5375,96700
-119.83,36.76,15,3291,772,1738,634,1.976,67300
-119.82,36.75,41,1022,209,741,213,2.0781,48800
-119.82,36.76,41,1973,399,1107,375,1.8971,66900
-119.82,36.76,46,2194,563,924,542,1.4028,68500
-119.8,36.76,52,1853,437,764,390,1.6429,69200
-119.8,36.75,52,1788,449,1156,418,1.7298,58400
-119.81,36.76,52,1792,352,1049,357,2.4375,57100
-119.79,36.76,52,1185,260,635,239,1.175,56100
-119.8,36.75,46,2625,593,1368,551,1.5273,59000
-119.78,36.76,47,1425,323,949,325,1.7344,51300
-119.76,36.75,35,1607,383,1407,382,2.19,53400
-119.76,36.75,41,1576,417,1567,366,1.2545,45500
-119.77,36.76,43,1623,294,781,272,1.869,56000
-119.76,36.74,52,2137,448,1194,444,1.3029,69100
-119.77,36.74,51,1454,235,729,252,3.3125,70100
-119.74,36.74,39,4893,1210,4749,1067,1.2065,55600
-119.75,36.74,39,1740,351,1098,347,1.8958,51300
-119.75,36.75,50,1515,294,852,297,1.9955,54200
-119.72,36.75,11,4832,993,2190,888,2.6611,74700
-119.71,36.76,28,2675,527,1392,521,2.3108,72000
-119.71,36.79,34,1891,323,966,355,3.6681,82000
-119.71,36.77,11,5112,1384,2487,1243,2.1461,75900
-119.73,36.8,15,2376,538,1197,510,3.1417,74600
-119.72,36.8,23,2128,442,1047,450,2.625,71500
-119.73,36.8,24,1316,249,781,260,3.7578,69200
-119.72,36.81,15,2175,564,1194,482,2.6767,87500
-119.74,36.77,30,2427,482,1375,518,2.5737,76900
-119.75,36.77,32,1962,399,1005,392,2.6726,70400
-119.75,36.78,35,1129,220,474,242,2.4405,74300
-119.76,36.77,36,2507,466,1227,474,2.785,72300
-119.77,36.78,36,3616,779,1994,786,2.5434,67300
-119.79,36.77,30,1610,410,1000,397,2.0357,60200
-119.8,36.77,52,2964,512,1114,486,3.8105,87600
-119.8,36.78,50,1818,374,737,338,2.2614,73000
-119.79,36.78,41,2227,462,1129,415,2.319,59100
-119.79,36.77,43,2323,502,1144,471,2.3967,58700
-119.81,36.77,49,1749,314,705,300,3.15,72200
-119.81,36.77,48,1805,329,741,331,2.5804,78900
-119.81,36.77,43,2341,395,890,375,3.4265,85000
-119.82,36.78,36,1370,289,812,282,2.6127,69600
-119.83,36.77,32,2867,615,1705,570,2.4286,68100
-119.86,36.78,7,2232,490,1274,499,2.9853,74700
-119.85,36.77,9,1142,314,620,283,2.0446,81300
-119.85,36.77,27,1510,344,847,295,2.9315,83200
-119.87,36.76,34,1649,323,919,316,2.875,74500
-119.9,36.79,22,1970,332,1066,319,3.3125,106100
-119.89,36.76,17,1987,335,1152,313,4.1719,126400
-120.08,36.79,38,1446,285,928,255,2.9808,89600
-119.98,36.74,26,1453,251,896,260,3.4861,112500
-120.07,36.74,19,2627,502,1295,441,3.087,88200
-119.95,36.8,30,1233,214,620,199,3.4297,112500
-120.04,36.79,48,1341,239,671,208,2.7917,82800
-119.91,36.83,29,2205,366,1072,345,3.8056,165400
-119.85,36.83,15,2563,335,1080,356,6.7181,160300
-119.85,36.83,11,2497,427,1101,405,4.8036,141600
-119.85,36.82,9,3995,778,1691,712,3.3239,91300
-119.88,36.83,2,4055,735,1730,654,4.2132,96500
-119.86,36.81,4,4530,1070,1804,837,3.3942,72100
-119.87,36.81,6,1891,341,969,330,4.6726,107800
-119.85,36.81,15,1743,310,1011,325,3.755,68000
-119.85,36.8,14,1876,324,1031,311,3.6563,88800
-119.86,36.8,18,2536,516,1196,466,2.5595,67900
-119.84,36.84,12,2396,290,863,258,8.7716,229200
-119.84,36.83,17,3012,408,987,362,7.4201,229700
-119.82,36.83,16,2868,376,1016,379,6.1175,144700
-119.83,36.82,14,1087,165,365,176,7.2909,155600
-119.82,36.82,28,2268,336,752,330,5.2809,151500
-119.77,36.85,8,1519,234,711,248,5.9897,123600
-119.77,36.84,15,1924,262,848,277,5.3886,125300
-119.77,36.84,15,2058,412,891,378,3.2569,124400
-119.78,36.84,7,4907,1075,2014,909,3.2147,111900
-119.78,36.85,12,782,166,292,164,2.8274,79500
-119.79,36.85,11,2596,619,1765,539,1.9511,54000
-119.8,36.86,7,6434,1201,2733,1045,3.7656,145000
-119.81,36.85,17,2340,370,1174,396,4.2304,94400
-119.82,36.84,9,2340,544,860,520,3.3229,119300
-119.81,36.83,19,6789,1200,2325,1109,4.049,126000
-119.79,36.83,15,3356,694,1232,627,2.2215,72200
-119.8,36.82,24,5377,1005,2010,982,3.4542,121200
-119.81,36.81,33,3972,594,1324,561,5.4513,143300
-119.81,36.8,29,2806,552,1242,540,3.5958,88800
-119.84,36.8,16,2849,506,1508,478,3.4074,72700
-119.84,36.8,19,3244,776,1463,710,2.0469,66900
-119.84,36.78,24,3242,795,2764,773,1.3385,58800
-119.83,36.79,24,3505,819,2098,774,1.9575,67000
-119.82,36.78,36,1582,313,761,318,2.6055,69200
-119.82,36.79,35,1474,291,709,294,2.6522,65900
-119.82,36.79,18,5822,1439,3415,1224,1.6854,64700
-119.81,36.79,35,2314,443,954,457,2.9506,73800
-119.8,36.78,43,2382,431,874,380,3.5542,96500
-119.8,36.79,45,1337,187,471,187,5.187,153800
-119.79,36.81,35,1877,328,1155,353,3.069,69600
-119.78,36.8,34,2200,493,1243,431,1.8514,66500
-119.79,36.8,27,2462,484,852,449,3.32,124700
-119.77,36.79,34,2679,460,1141,470,3.2642,89600
-119.78,36.79,33,2260,440,966,413,2.9301,68300
-119.76,36.79,26,3654,837,1976,830,2.1544,72800
-119.76,36.79,32,2463,468,1261,486,3.3281,75100
-119.76,36.8,29,3494,662,1781,616,2.5893,70900
-119.78,36.8,34,3426,623,1938,647,2.8994,66000
-119.76,36.8,20,6257,1346,2795,1267,2.2094,83700
-119.77,36.8,24,3748,770,1827,719,2.7222,83100
-119.76,36.81,19,4643,1429,4638,1335,1.2716,69400
-119.78,36.82,25,5016,963,2133,928,3.625,89500
-119.78,36.83,18,4164,741,1817,681,4.2153,95200
-119.76,36.83,17,3690,628,1888,601,4.0196,84200
-119.75,36.83,15,2793,436,1411,441,4.9292,109400
-119.77,36.91,3,7520,1143,2878,1077,5.3272,174200
-119.7,36.94,15,1449,277,649,265,2.4861,86300
-119.71,36.88,17,2236,315,992,312,6.9405,165200
-119.69,36.86,20,1676,263,786,240,4,164600
-119.7,36.83,23,3532,756,1885,758,2.5904,71400
-119.7,36.81,32,2623,528,1570,492,2.7159,68000
-119.71,36.83,5,1087,338,623,362,1.8061,113400
-119.71,36.83,15,2727,500,1228,436,3.5078,109000
-119.71,36.82,12,2144,568,1320,566,2.3381,112500
-119.71,36.81,19,2282,550,1034,500,1.6618,69700
-119.73,36.81,19,1699,356,994,368,2.7778,79700
-119.72,36.82,15,946,239,550,246,2.2639,52500
-119.69,36.83,7,2075,353,1040,362,3.9943,100200
-119.69,36.83,8,943,189,475,155,4.9327,89500
-119.67,36.83,4,2145,334,1024,308,5.0864,113700
-119.68,36.83,11,2455,344,1110,339,6.1133,120000
-119.67,36.82,2,2579,376,1133,342,4.5577,123300
-119.67,36.81,4,1262,216,622,199,4.9432,114400
-119.68,36.81,13,2589,413,1356,435,5.0253,106200
-119.69,36.82,15,3303,512,1687,505,4.81,93600
-119.69,36.81,15,2892,496,1634,501,4.4934,88000
-119.68,36.8,7,2855,518,1748,498,4.2066,88400
-119.67,36.8,9,3712,508,1632,474,6.011,163100
-119.69,36.79,13,1736,313,993,314,3.7697,83600
-119.69,36.79,15,2524,451,1207,424,2.7404,76300
-119.64,36.85,15,2397,353,1258,347,4.9904,157300
-119.64,36.82,14,4872,656,2085,617,5.6739,173800
-119.63,36.79,19,1317,189,517,187,4.526,148700
-119.63,36.7,42,1338,215,617,222,3.0833,133300
-119.56,36.71,37,1609,374,1173,344,2.181,59900
-119.57,36.7,34,1759,354,899,337,2.6823,72900
-119.56,36.7,40,1195,326,1135,315,2.1182,58900
-119.55,36.7,31,1671,372,1371,347,2.3687,63900
-119.57,36.7,30,2370,412,1248,410,3.1442,72300
-119.57,36.7,7,1761,309,974,308,3.7261,83900
-119.58,36.69,42,1032,215,812,225,1.9766,58100
-119.55,36.69,21,1551,423,1519,406,1.7132,55900
-119.55,36.72,6,1186,234,1135,218,2.1515,63900
-119.47,36.69,19,3351,589,1578,542,3.2917,160100
-119.41,36.68,18,1802,332,945,292,3.4044,115300
-119.43,36.63,25,1784,312,904,303,3.625,107600
-119.39,36.64,38,949,190,578,187,2.3618,80000
-119.4,36.59,37,1486,296,977,290,3.5074,93800
-119.46,36.91,12,2980,495,1184,429,3.9141,123900
-119.33,36.89,15,1879,411,755,294,2,83300
-119.4,37.09,22,2211,477,773,288,3.3269,102700
-119.31,36.63,26,1874,416,1834,432,1.6486,55200
-119.31,36.62,25,831,230,947,244,1.4481,51700
-119.43,36.61,19,1484,296,1296,298,2.4219,65800
-119.44,36.6,5,2353,608,2505,573,2.2863,69200
-119.45,36.61,24,1302,232,693,243,3.7917,90500
-119.44,36.61,17,1531,280,775,246,3.9073,91600
-119.43,36.59,15,1371,306,1266,309,1.767,63300
-119.44,36.59,32,1153,236,761,241,2.825,67600
-119.45,36.6,36,2294,489,1430,454,1.8975,60900
-119.46,36.6,18,1404,226,754,229,3.9844,118100
-119.45,36.59,41,1749,342,1171,314,1.6875,66100
-119.44,36.58,37,1054,239,879,257,2.5234,63500
-119.45,36.58,18,1425,280,753,266,3.7813,87300
-119.45,36.59,28,1274,215,572,202,3.825,84200
-119.54,36.61,20,1490,318,1474,326,1.4937,54700
-119.49,36.58,21,2106,410,867,380,1.9913,95300
-119.53,36.61,33,587,170,730,162,1.5625,55800
-119.59,36.64,27,823,171,798,200,3.0521,113800
-119.59,36.57,19,1733,303,911,281,3.5987,131700
-119.6,36.58,28,1452,300,919,308,2.8287,73100
-119.61,36.58,29,1312,280,788,271,2.6974,73000
-119.62,36.59,17,2287,390,1330,393,4.0197,88000
-119.61,36.57,42,2242,521,1359,483,1.5833,65100
-119.63,36.58,22,1794,435,1127,359,1.2647,55300
-119.6,36.56,36,738,168,737,186,1.4415,54400
-119.61,36.56,34,1911,497,1886,481,1.625,53000
-119.62,36.56,30,1722,372,1467,403,1.8878,51600
-119.54,36.52,16,2703,415,1106,372,4.2045,120900
-119.56,36.53,19,2746,495,1670,518,3.2019,95700
-119.73,36.56,32,1513,272,1038,272,3.0469,82700
-119.67,36.57,32,1604,292,868,276,2.1908,110000
-119.73,36.52,20,1741,331,1466,289,2.5921,94200
-119.77,36.44,26,1727,289,802,259,3.2083,75000
-119.69,36.43,29,1799,356,1278,387,1.7813,57900
-119.79,36.55,32,1393,276,999,245,2.0216,76800
-119.81,36.51,31,1241,254,767,226,2.7321,83600
-119.84,36.54,19,1310,241,702,217,2.4375,78200
-119.89,36.64,34,1422,237,716,222,2.975,90000
-119.97,36.57,17,1497,308,1425,247,2.0313,69400
-119.81,36.6,24,2246,462,1291,394,2.4006,76400
-119.86,36.43,34,1175,251,683,261,1.7176,58400
-120.08,36.34,18,1524,414,2030,356,2.1153,112500
-120.1,36.21,12,1462,356,1708,367,1.5086,64700
-120.37,36.13,10,2522,533,1335,493,3.2639,86400
-120.37,36.15,34,2084,339,868,347,4.381,86300
-120.35,36.14,9,2671,647,1484,541,1.7075,60400
-120.36,36.13,29,1938,434,1306,415,3.0134,55500
-120.25,36.65,31,1177,221,744,223,2.4937,66000
-120.18,36.59,25,948,198,613,171,2.3026,90600
-120.19,36.61,29,1479,338,1408,322,2.293,57200
-120.22,36.49,14,1508,347,1679,345,2.4786,56000
-120.39,36.78,11,1947,488,2104,486,1.7184,55200
-120.38,36.75,25,1689,495,1745,457,1.9056,60000
-120.38,36.76,25,991,272,941,262,1.8125,58000
-120.38,36.76,12,932,244,1043,243,1.4038,54300
-120.45,36.86,34,673,173,539,182,2.3523,66000
-120.44,36.84,29,1563,293,883,288,2.8182,90500
-120.45,36.85,20,1519,376,1681,370,2.1759,58100
-120.51,36.86,21,1779,399,1446,371,2.4414,71900
-120.69,36.84,18,902,195,771,174,2.2083,55000
-119.55,36.51,46,55,11,26,5,4.125,67500
-122.18,39.75,30,4157,834,1885,774,1.6948,67500
-122.16,39.74,20,707,126,337,125,3.0469,85000
-122.16,39.78,32,1288,221,562,203,2.325,69600
-122.13,39.74,20,1401,280,668,250,2.2569,94300
-122.19,39.53,34,2679,533,1287,505,2.165,58700
-122.22,39.51,17,1201,268,555,277,2.1,66900
-122.2,39.52,39,2551,482,1181,437,2.0625,63400
-121.94,39.45,39,844,161,535,165,1.832,70500
-122.01,39.74,20,2332,518,1856,495,2.1746,58700
-124.17,40.8,52,1606,419,891,367,1.585,75500
-124.17,40.8,52,1557,344,758,319,1.8529,62500
-124.16,40.79,52,2148,421,975,430,2.2566,92700
-124.16,40.78,50,2285,403,837,353,2.5417,85400
-124.17,40.78,39,1606,330,731,327,1.6369,68300
-124.19,40.78,37,1371,319,640,260,1.8242,70000
-124.16,40.78,43,2241,446,932,395,2.9038,82000
-124.18,40.78,37,1453,293,867,310,2.5536,70200
-124.18,40.78,33,1076,222,656,236,2.5096,72200
-124.18,40.78,34,1592,364,950,317,2.1607,67000
-124.17,40.75,13,2171,339,951,353,4.8516,116100
-124.17,40.76,26,1776,361,992,380,2.8056,82800
-124.19,40.77,30,2975,634,1367,583,2.442,69000
-124.15,40.81,50,340,74,235,83,1.75,67500
-124.14,40.8,32,1373,312,872,306,2.5,72600
-124.15,40.8,47,1486,335,765,329,1.755,74100
-124.16,40.8,52,1703,500,952,435,1.1386,74100
-124.14,40.79,38,1552,290,873,291,2.4896,81000
-124.15,40.79,37,2692,488,1263,486,3.0216,86400
-124.14,40.77,27,3046,605,1407,571,2.9143,99600
-124.15,40.78,36,2112,374,829,368,3.3984,90000
-124.13,40.78,34,2142,420,1056,382,2.1101,86900
-124.13,40.8,31,2152,462,1259,420,2.2478,81100
-124.13,40.79,29,2474,453,1130,427,2.8833,83000
-124.02,40.8,22,2588,435,1198,442,3.9792,133900
-124.09,40.86,25,1322,387,794,379,1.1742,75000
-124.09,40.87,44,692,206,398,211,1.1576,87500
-124.07,40.87,47,1765,326,796,333,2.2138,99200
-124.08,40.87,29,1710,469,990,425,1.1479,101100
-124.09,40.88,50,921,187,420,187,2.2188,105800
-124.07,40.87,31,334,134,780,130,0.7684,153100
-124.15,40.88,33,2235,506,1165,441,1.725,57500
-124.09,40.88,31,1982,495,1052,467,1.5326,74100
-124.06,40.88,12,2087,424,1603,438,2.5667,139500
-123.74,40.66,25,2395,431,983,375,3.0469,136000
-124.08,40.91,13,2522,719,1381,628,1.6667,78800
-123.76,41.03,24,2386,565,1058,414,2.0644,79800
-123.63,41.11,19,1797,384,1033,327,1.4911,59200
-123.66,41.3,22,1580,372,686,264,1.8065,62700
-123.52,41.01,17,1564,345,517,222,2.1542,83800
-124.08,41.36,29,1029,239,509,196,2.0156,62800
-124.06,41.13,22,3263,799,1384,578,2.4708,119400
-124.14,41.06,32,1020,215,421,198,3.0208,143400
-124.01,40.97,21,1513,319,943,301,3.538,102700
-123.98,40.88,41,1719,372,844,336,2.6923,84200
-123.88,40.93,28,1272,259,519,220,3.2891,106300
-124.16,41.02,23,1672,385,1060,390,2.1726,75500
-124.08,40.99,18,3297,662,1554,578,2.6847,111300
-124.16,40.95,20,1075,214,529,196,3.1406,96000
-124.08,40.94,18,1550,345,941,335,2.3147,70100
-124.05,40.94,14,1452,217,516,181,5.0329,165600
-124.1,40.95,17,1485,345,823,316,1.8993,78400
-124.07,40.81,23,2103,411,1019,387,2.9911,119700
-124.17,40.74,17,2026,338,873,313,4.0357,128900
-124.14,40.67,23,580,117,320,109,4.2054,130600
-124.19,40.73,21,5694,1056,2907,972,3.5363,90100
-124.27,40.69,36,2349,528,1194,465,2.5179,79000
-124.17,40.62,32,1595,309,706,277,2.8958,86400
-124.16,40.6,39,1322,283,642,292,2.4519,85100
-124.14,40.59,17,2985,610,1544,584,2.178,76800
-124.05,40.59,32,1878,340,937,353,3.4408,95200
-124.09,40.55,24,2978,553,1370,480,2.7644,97300
-123.73,40.48,25,2015,524,746,251,1.7153,77100
-124.11,40.57,33,1348,234,573,236,2.4896,74100
-124.13,40.55,38,544,89,240,91,3.25,94800
-124.09,40.44,38,2220,426,1041,401,2.3947,70500
-124.03,40.45,34,1006,213,443,158,2.6094,71300
-124.35,40.54,52,1820,300,806,270,3.0147,94600
-124.25,40.28,32,1430,419,434,187,1.9417,76100
-123.84,40.28,28,2809,605,1093,438,2.0962,74000
-123.82,40.12,33,2985,591,1221,486,2.087,82400
-123.75,40.11,35,2052,477,900,402,1.9625,101500
-123.78,40.05,17,2019,496,899,347,2.1864,101900
-115.51,33.12,21,1024,218,890,232,2.101,46700
-115.73,33.09,27,452,103,258,61,2.9,87500
-115.62,33.04,20,1121,244,766,230,2.2969,62000
-115.6,33.04,31,314,61,152,56,3.3472,91700
-115.59,32.96,17,841,146,473,154,3.1979,113500
-115.54,32.98,27,1513,395,1121,381,1.9464,60600
-115.54,32.99,17,1697,268,911,254,4.3523,96000
-115.55,32.98,24,2565,530,1447,473,3.2593,80800
-115.54,32.97,41,2429,454,1188,430,3.0091,70800
-115.55,32.98,33,2266,365,952,360,5.4349,143000
-115.56,32.96,21,2164,480,1164,421,3.8177,107200
-115.53,32.97,34,2231,545,1568,510,1.5217,60300
-115.39,32.76,16,1136,196,481,185,6.2558,146300
-115.4,32.86,19,1087,171,649,173,3.3182,113800
-115.37,32.82,14,1276,270,867,261,1.9375,80900
-115.37,32.82,30,1602,322,1130,335,3.5735,71100
-115.38,32.82,38,1892,394,1175,374,1.9939,65800
-115.38,32.81,35,1263,262,950,241,1.8958,67500
-115.57,32.85,17,1039,256,728,246,1.7411,63500
-115.57,32.84,29,1207,301,804,288,1.9531,61100
-115.57,32.83,31,1494,289,959,284,3.5282,67500
-115.59,32.85,20,1608,274,862,248,4.875,90800
-115.49,32.87,19,541,104,457,106,3.3583,102800
-115.69,32.79,18,1564,340,1161,343,2.1792,55200
-115.73,32.8,44,472,81,206,57,2.2083,93800
-115.64,32.75,19,377,69,198,55,1.625,112500
-115.58,32.81,5,805,143,458,143,4.475,96300
-115.55,32.82,34,1540,316,1013,274,2.5664,67500
-115.58,32.81,10,1088,203,533,201,3.6597,87500
-115.57,32.8,17,1492,426,1595,428,1.7188,69900
-115.55,32.8,23,666,142,580,160,2.1136,61000
-115.54,32.79,23,1712,403,1370,377,1.275,60400
-115.55,32.79,23,1004,221,697,201,1.6351,59600
-115.57,32.8,33,1192,213,1066,211,4.5714,68600
-115.56,32.8,25,1311,375,1193,351,2.1979,63900
-115.56,32.8,28,1672,416,1335,397,1.5987,59400
-115.56,32.8,15,1171,328,1024,298,1.3882,69400
-115.57,32.79,50,1291,277,864,274,1.6667,68100
-115.56,32.78,46,2511,490,1583,469,3.0603,70800
-115.57,32.78,25,2007,301,1135,332,5.128,99600
-115.58,32.78,5,2494,414,1416,421,5.7843,110100
-115.57,32.79,34,1152,208,621,208,3.6042,73600
-115.57,32.78,15,1413,279,803,277,4.3021,87500
-115.56,32.76,15,1278,217,653,185,4.4821,140300
-115.59,32.69,30,935,177,649,148,2.5769,94400
-115.4,32.7,19,583,113,531,134,1.6838,95800
-115.49,32.67,25,2322,573,2185,602,1.375,70100
-115.48,32.68,15,3414,666,2097,622,2.3319,91200
-115.5,32.68,18,3631,913,3565,924,1.5931,88400
-115.49,32.67,29,1523,440,1302,393,1.1311,84700
-115.51,32.68,11,2872,610,2644,581,2.625,72700
-115.52,32.67,6,2804,581,2807,594,2.0625,67700
-116.05,33.33,17,290,94,135,57,1.7292,81300
-116,33.19,16,245,57,81,33,1.2639,51300
-115.88,32.93,15,208,49,51,20,4.0208,32500
-115.99,33.4,15,1945,536,515,273,2.0109,54300
-115.94,33.38,5,186,43,41,21,2.7,58800
-115.91,33.36,15,459,95,160,73,0.922,67500
-115.9,33.34,19,1210,248,329,155,1.7857,62800
-115.95,33.28,12,99,25,37,17,1.8958,53800
-114.98,33.07,18,1183,363,374,127,3.1607,57500
-115.73,33.36,19,749,238,476,169,1.7727,50000
-114.65,32.79,21,44,33,64,27,0.8571,25000
-114.63,32.76,15,1448,378,949,300,0.8585,45000
-114.66,32.74,17,1388,386,775,320,1.2049,44000
-118.18,37.35,16,3806,794,1501,714,2.1212,108300
-118.43,37.4,19,2460,405,1225,425,4.1576,141500
-118.6,37.39,19,2682,518,1134,399,3.2132,166000
-118.45,37.25,20,1468,283,721,270,3.0817,118800
-118.42,37.35,21,3302,557,1413,520,4.375,180400
-118.39,37.36,38,1813,410,902,396,2.3261,98400
-118.3,37.17,22,3480,673,1541,636,2.75,94500
-118.31,36.94,35,2563,530,861,371,2.325,80600
-118.05,36.64,34,2090,478,896,426,2.0357,74200
-117.02,36.4,19,619,239,490,164,2.1,14999
-119.03,35.42,45,1628,352,754,334,2.5703,62400
-119.03,35.42,38,2952,598,1491,568,2.6094,67900
-119.02,35.43,39,2033,370,956,379,3.1736,70700
-119.02,35.42,40,1089,226,520,218,2.2727,67200
-119.02,35.42,36,2044,447,1021,374,1.8472,57400
-119.02,35.42,40,1912,439,1015,413,1.4598,52600
-119.03,35.42,42,1705,418,905,393,1.6286,54600
-119.04,35.42,47,1691,402,913,358,1.8403,54700
-119.05,35.42,41,1992,421,1006,419,2.8393,57000
-119.02,35.41,21,2534,554,1297,517,2.0575,67000
-119.02,35.41,41,2221,516,1106,473,1.97,51900
-119.03,35.4,35,2608,620,1566,583,2.1818,63500
-119.11,35.42,52,154,28,37,16,10.0263,2e+05
-119.09,35.43,28,254,35,118,37,4.8571,237500
-119.05,35.4,18,1894,319,846,317,3.8611,126400
-119.08,35.39,10,6435,1040,3242,1030,5.575,132200
-119.01,35.4,11,8739,2190,4781,1919,1.7109,44600
-118.99,35.4,48,1908,331,789,321,3.5714,84600
-119,35.39,42,2839,516,1203,487,3.7708,79400
-118.97,35.41,36,1896,315,937,303,3.996,85500
-118.97,35.4,34,1859,323,854,309,3.1906,76200
-118.98,35.4,34,813,171,440,170,2.8393,69800
-118.98,35.4,36,1443,273,680,259,2.9821,73100
-118.98,35.41,36,1482,266,640,274,3.875,94500
-118.96,35.4,28,4667,875,2404,841,3.2325,89000
-118.96,35.41,29,3548,729,1542,659,2.947,87100
-118.95,35.4,23,4483,894,2136,883,3.6875,101700
-118.96,35.38,34,2047,347,888,352,3.6734,92900
-118.95,35.38,35,2220,388,906,373,3.5938,95200
-118.96,35.38,41,2417,435,973,406,3.0568,85600
-118.95,35.38,30,2594,478,1419,480,3.725,83100
-118.95,35.41,21,3999,727,1889,688,3.875,99500
-118.94,35.4,14,5548,941,2815,935,4.2214,104600
-118.94,35.41,10,3216,526,1539,483,6.3639,143000
-118.91,35.4,10,3587,774,1398,763,2.569,113000
-118.88,35.34,20,1351,255,762,253,2.1111,105300
-118.93,35.37,34,2412,446,1558,421,2.6903,62800
-118.94,35.37,23,1106,252,790,230,1.8523,59700
-118.95,35.37,34,1672,359,1059,349,2.1588,61300
-118.95,35.37,37,1475,327,946,295,1.6728,55400
-118.97,35.38,42,1185,358,1038,299,0.9951,48000
-118.99,35.38,30,1390,361,1116,298,1.3451,57500
-118.98,35.38,34,1020,247,795,228,1.625,50800
-118.98,35.38,28,1171,299,1193,273,0.8639,49400
-118.99,35.39,39,2228,542,1516,435,1.6009,48800
-118.98,35.39,32,2620,682,2375,684,1.2618,46900
-119,35.37,41,303,78,216,80,2.2212,55500
-118.99,35.37,38,918,220,743,222,1.7292,58100
-118.97,35.37,52,425,119,380,97,1.4125,42500
-119.01,35.38,44,434,110,274,86,1.1944,57500
-119.02,35.38,48,346,92,129,63,1.1875,63800
-119.02,35.39,52,191,52,106,49,2.0455,72500
-119.03,35.38,38,2122,394,843,410,3,91800
-119.03,35.37,52,1503,367,554,277,1.6786,126600
-119.03,35.39,28,4513,764,1593,763,2.9821,118700
-119.04,35.36,36,1942,414,1051,411,1.8362,66900
-119.05,35.36,30,4635,800,2307,754,3.6548,84700
-119.07,35.36,19,5254,894,2155,831,4.6705,110700
-119.06,35.36,9,1228,234,409,212,4.3482,95200
-119.03,35.37,42,2508,483,1035,442,2.6513,72300
-119.03,35.36,41,1944,363,977,388,3.9097,81300
-119.04,35.36,40,1533,312,771,306,3.0435,69500
-119.02,35.37,44,2687,620,1521,549,1.7213,61600
-119.01,35.36,38,1838,388,1203,373,1.6797,60700
-119.01,35.36,36,2658,626,1490,529,1.2157,57000
-119.01,35.36,24,1941,484,1277,435,1.056,51600
-119.01,35.37,33,821,181,579,172,1.2469,46700
-119,35.36,40,850,227,764,186,0.9407,43600
-119,35.35,35,1164,277,992,284,1.4015,48700
-118.98,35.37,36,1562,398,1223,329,0.9675,47100
-118.98,35.36,15,1482,338,1059,279,1.2617,42700
-118.96,35.36,35,2285,497,1738,480,2.4848,54000
-118.97,35.36,31,1418,306,1219,312,1.5743,46700
-118.95,35.32,29,3480,608,2007,541,3.2738,78700
-118.99,35.35,27,1615,355,1380,332,1.6632,49800
-118.99,35.33,36,1590,367,1311,390,1.6786,52900
-118.99,35.35,32,1293,317,1109,286,1.1786,45600
-119.01,35.35,34,1354,325,922,304,2.1875,58000
-119.01,35.35,39,598,149,366,132,1.9125,57900
-119.02,35.35,38,1472,305,670,282,2.2407,76000
-119.03,35.34,36,3474,645,1679,616,2.7256,71900
-119.03,35.35,34,1441,294,695,275,2.6875,73700
-119.04,35.35,27,4590,897,2212,894,3.1753,85000
-119.06,35.35,20,9351,2139,4584,1953,2.575,69900
-119.05,35.33,18,12707,2685,7009,2552,2.9438,87200
-119.07,35.35,24,4119,865,1294,879,2.4123,86200
-119.1,35.35,5,4597,1071,1916,870,4.0327,131000
-119.08,35.34,18,4070,512,1580,540,10.5941,245800
-119.08,35.34,16,1535,238,768,236,5.4449,118500
-119.1,35.33,4,6640,898,3121,902,6.759,170300
-119.08,35.32,8,11609,2141,5696,2100,5.0012,106300
-119.09,35.33,9,7085,1148,3084,1052,4.997,142900
-119.01,35.33,42,1120,255,677,213,1.5429,39400
-119,35.33,35,991,221,620,207,1.9417,53800
-119.02,35.33,35,2053,412,1193,387,2.75,65800
-118.99,35.32,35,1576,405,870,282,1.6575,59500
-119.04,35.32,20,37,11,34,8,1.2,50000
-119.02,35.3,10,7397,1369,4611,1310,3.6369,81600
-119.13,35.22,5,6268,1003,3269,980,5.1457,118200
-119.01,35.24,6,80,16,66,21,3.125,65000
-118.95,34.83,18,3278,762,1338,550,2.9891,116500
-119.4,35.06,21,2213,458,1250,440,2.9187,52100
-119.45,35.07,45,973,183,500,177,2.6389,30000
-119.46,35.17,40,4164,812,1998,773,2.8323,50800
-119.12,35.41,12,5589,941,3018,917,4.4561,96900
-119.2,35.37,6,7383,1095,3415,1059,5.3119,157300
-119.12,35.38,18,1521,269,706,279,4.4196,121000
-119.11,35.38,37,2044,394,894,359,2.9453,82800
-119.12,35.37,13,4527,713,2170,671,4.8266,146200
-119.26,35.5,38,2536,409,1133,430,4.2375,78600
-119.27,35.51,28,1089,179,544,190,3.2279,95800
-119.38,35.49,34,2304,437,1506,403,2.2071,64600
-119.34,35.6,16,1584,309,1011,268,2.4961,58800
-119.36,35.55,29,510,84,236,73,2.7,125000
-119.35,35.58,13,1657,362,1186,376,1.1903,63200
-119.34,35.59,33,3240,654,1809,616,2.3934,71900
-119.33,35.6,32,2703,683,2682,675,1.4619,60500
-119.35,35.59,14,2719,502,1497,457,3.176,71800
-119.77,35.65,21,2403,483,1647,415,2.6066,80000
-119.24,35.68,21,1885,398,1539,388,2.5208,58500
-119.22,35.68,16,2874,677,3078,651,1.8843,55200
-119.24,35.67,32,3216,750,2639,709,2.0025,54700
-119.25,35.78,27,1513,342,1346,323,2.7411,59800
-119.25,35.77,35,1618,378,1449,398,1.6786,56500
-119.25,35.76,36,2332,656,2175,610,1.6045,57300
-119.25,35.75,36,1598,443,1658,417,1.517,52100
-119.25,35.79,8,3271,797,2700,688,1.7418,62200
-119.25,35.78,35,1927,386,1371,414,2.2981,69900
-119.23,35.79,31,2862,606,2467,600,2.3125,62100
-119.24,35.77,28,1737,521,1764,514,1.7813,67800
-119.23,35.74,16,2275,659,1914,614,2.033,68400
-119.23,35.77,26,2636,468,1416,485,4.1917,84000
-118.92,35.47,6,1755,280,664,254,6.2885,216400
-118.93,35.44,13,1439,237,557,227,6.1563,204200
-118.06,35.68,15,1962,403,730,321,2.25,67500
-118.44,35.75,23,3166,700,1097,493,2.6288,96000
-118.47,35.72,18,4754,1075,1366,690,2.0694,81200
-118.59,35.72,28,1491,408,98,48,1.4205,90000
-118.45,35.62,18,2304,527,782,390,1.4141,75800
-118.61,35.47,13,2267,601,756,276,2.5474,78400
-117.73,35.73,35,2916,594,1870,432,3.625,55000
-117.7,35.64,8,2683,416,1154,399,5.8625,109400
-117.67,35.63,32,3661,787,1613,706,3.0687,63500
-117.68,35.63,18,4334,641,1777,661,6.0653,105300
-117.69,35.63,5,3151,482,1335,428,5.5773,109000
-117.7,35.62,18,2657,496,1426,483,3.5931,71900
-117.68,35.6,12,1678,241,765,281,6.0532,102800
-117.7,35.6,16,2678,483,1473,487,3.858,70200
-117.66,35.62,11,5897,1138,2728,1072,4.15,85700
-117.66,35.6,14,1740,391,850,317,2.5812,91700
-117.76,35.63,12,2014,372,1027,356,3.9261,101300
-117.68,35.55,9,3811,605,1518,568,5.5551,142500
-117.81,35.65,19,1124,290,598,261,1.8984,54300
-117.87,35.73,13,2566,449,1181,414,4.1518,91800
-117.84,35.35,28,1913,486,858,371,1.9962,50800
-118,35.05,21,1739,425,945,362,3.4015,86500
-117.82,35.03,30,2555,510,1347,467,3.3693,71800
-118.01,35.12,15,1926,361,917,316,3.3889,68500
-117.98,35.13,5,4849,920,2504,847,3.5391,81900
-117.95,35.13,4,2630,502,1150,422,4.25,104400
-117.68,35.03,28,2969,648,1644,570,3.4338,54900
-117.65,35,36,1184,316,672,241,1.9107,39800
-118.15,34.86,10,4597,1009,2227,821,2.6149,83500
-118.16,35.05,44,1297,307,776,278,2.5875,68900
-118.19,35.05,14,2992,573,1631,526,3.7452,83200
-118.61,35.08,6,3660,646,1243,482,3.4911,137200
-118.61,34.99,11,4031,766,1539,564,3.8917,120800
-118.46,35.12,16,4084,812,2033,668,3.2405,85500
-118.43,35.12,8,1968,376,930,360,3.2632,99800
-118.44,35.13,34,1170,290,602,266,1.7917,80000
-118.91,35.3,28,1793,358,1233,351,2.7845,82200
-118.95,35.26,24,1341,214,667,184,4,94500
-118.82,35.2,34,2185,469,1910,455,2.1136,57300
-118.9,35.26,31,6145,1492,5666,1457,1.9066,54600
-118.91,35.24,29,2888,753,2949,699,1.7716,45500
-119.69,36.41,38,1016,202,540,187,2.2885,75000
-119.57,36.44,30,1860,337,1123,347,3.4926,94200
-119.55,36.37,26,1912,339,1002,311,3.0375,126300
-119.93,36.32,25,8363,1636,7679,1580,2.0285,106300
-119.78,36.31,14,1287,291,737,269,3.1667,126400
-119.77,36.31,14,3677,863,2191,785,2.6218,69100
-119.82,36.32,18,942,193,424,174,2.0673,87500
-119.78,36.33,16,1006,212,515,200,3.2386,112500
-119.8,36.29,7,479,84,327,103,5.1728,107500
-119.72,36.34,33,1287,214,580,210,3.2019,112500
-119.7,36.32,40,1178,244,586,187,2.6477,43500
-119.73,36.31,20,2440,433,1579,400,2.8281,60200
-119.67,36.35,10,1090,164,470,158,4.9432,118800
-119.64,36.35,23,3182,563,1525,585,3.8108,90400
-119.63,36.35,4,1684,343,920,324,4.2396,90600
-119.64,36.35,30,1765,310,746,298,2.8125,70200
-119.63,36.34,26,1463,261,699,219,3.5536,71400
-119.63,36.33,14,2928,600,1633,559,1.8385,67500
-119.63,36.32,36,1518,287,749,255,2.2333,61000
-119.66,36.34,32,1338,276,859,286,2.6397,59700
-119.65,36.34,47,1869,357,832,315,3.0846,76100
-119.64,36.34,32,2958,670,1504,627,1.8606,56700
-119.64,36.33,41,3095,766,1852,721,1.4524,51700
-119.65,36.33,52,1257,257,624,243,2.3523,59100
-119.65,36.33,47,1059,268,693,241,1.3882,53800
-119.67,36.33,19,1241,244,850,237,2.9375,81700
-119.66,36.32,24,2652,568,1532,445,2.3256,56800
-119.68,36.32,28,1325,276,873,240,2.5833,54400
-119.68,36.31,12,2739,535,1859,498,2.9936,60600
-119.64,36.32,32,2205,523,1772,479,1.3569,43100
-119.65,36.3,28,941,175,588,180,2.3466,53400
-119.64,36.31,27,1513,314,1071,284,1.5909,50100
-119.57,36.27,20,2673,452,1394,449,2.625,97400
-119.69,36.25,35,2011,349,970,300,2.395,94100
-119.63,36.18,23,207,45,171,50,2.4286,1e+05
-119.59,36.11,32,752,159,524,155,2.25,50000
-119.58,36.1,21,1382,327,1469,355,1.3967,46500
-119.56,36.1,29,424,78,284,73,1.5313,43800
-119.56,36.09,35,1648,285,792,265,3.2847,64700
-119.56,36.09,14,1267,290,1077,279,1.85,52300
-119.56,36.08,37,766,189,639,190,1.6607,42100
-119.57,36.1,16,1461,400,1201,384,1.5727,54800
-119.57,36.1,37,1676,316,707,274,2.0595,60700
-119.74,36.15,21,1548,308,1137,306,2.4688,61300
-119.9,36.2,43,187,38,106,40,1.875,137500
-119.96,35.99,25,1047,270,1505,286,2.0976,47700
-120.14,36.04,27,2533,518,1371,461,2.9708,60900
-120.12,36.01,18,1165,334,1119,308,2.2167,48500
-120.12,35.99,7,2049,482,1387,422,2.25,56200
-120,35.91,16,259,53,131,38,3.125,62500
-122.91,39.18,43,89,18,86,27,2.0208,72500
-122.9,39.17,45,1314,277,649,232,2.575,73600
-123.07,39.12,24,1098,193,353,145,3.8333,92600
-122.95,39.13,17,380,69,225,72,3.25,137500
-122.9,39.09,15,2483,544,835,380,1.9141,143200
-122.92,39.08,24,341,64,146,57,4,166300
-122.94,39.1,18,681,120,272,105,2.8906,140600
-122.99,39.02,14,1582,301,851,273,3.45,164100
-122.91,39.07,21,2202,484,1000,381,2.4423,102300
-122.91,39.06,21,1236,238,601,261,1.939,100300
-122.92,39.05,16,1548,295,605,250,3.5652,119000
-122.91,39.05,20,1128,229,621,210,3.2216,93500
-122.7,39.14,13,532,111,214,62,3.3929,108300
-122.86,39.08,24,3127,674,1015,448,2.0417,78800
-122.79,39.09,20,1798,395,685,331,1.625,66800
-122.78,39.05,15,1601,323,661,269,2.6181,108900
-122.73,39.04,23,1618,395,425,244,1.9833,111500
-122.66,39.03,27,1446,329,594,255,1.165,53300
-122.7,38.99,18,1177,224,181,105,2.3558,134700
-122.65,38.99,16,4279,951,1596,666,1.8571,75900
-122.65,38.97,32,1856,472,703,292,1.1912,60000
-122.63,38.96,17,1708,459,633,312,1.75,64000
-122.62,38.94,14,1731,400,638,282,2.3179,57500
-122.64,38.96,29,883,187,326,136,1.7273,58200
-122.63,38.94,25,661,144,192,93,1.7566,49000
-122.75,39.01,17,4162,967,889,414,3.4187,200500
-122.79,39.02,23,642,203,265,84,1.8833,96900
-122.78,38.97,11,5175,971,2144,792,3.0466,97300
-122.86,39.05,20,1592,327,647,253,2.5326,136800
-122.85,39,20,1580,318,753,252,1.8704,88500
-122.83,38.99,15,289,49,191,54,1.6833,113900
-122.83,38.98,17,1383,347,719,296,1.6164,77800
-122.84,38.98,21,939,176,556,178,1.7196,75000
-122.89,38.93,20,1214,247,504,223,2.7188,105700
-122.83,38.96,15,1318,296,567,276,1.8692,93800
-122.77,38.92,26,712,140,293,100,4.0119,119400
-122.83,38.89,11,640,134,268,90,3.4514,1e+05
-122.72,38.88,29,2781,617,890,310,1.9906,96600
-122.74,38.83,12,4515,909,1554,528,3.3531,90800
-122.59,38.92,15,1410,329,599,273,2.1953,75000
-122.65,38.92,30,70,38,20,13,4.125,112500
-122.64,38.87,16,1177,240,519,199,1.5739,73500
-122.5,38.82,12,2394,443,877,341,2.5625,109200
-122.51,38.76,9,2589,482,1050,374,4.0435,132600
-122.55,38.81,7,3639,637,1027,421,3.8831,132100
-122.64,38.71,20,531,126,231,96,2.625,89600
-122.52,38.7,26,102,17,43,13,0.536,87500
-120.38,40.98,27,777,185,318,115,1.6833,40000
-121.02,40.51,17,890,167,406,154,3.3036,78300
-120.57,40.43,15,2045,461,1121,402,2.6902,71500
-120.65,40.42,39,3240,652,1467,621,2.1875,64300
-120.66,40.41,52,2081,478,1051,419,2.2992,70200
-120.64,40.41,50,1741,424,987,383,1.5066,59300
-120.58,40.37,16,3412,667,1873,590,2.2661,61800
-120.36,40.45,19,689,143,355,127,1.7333,70000
-120.51,40.41,36,36,8,4198,7,5.5179,67500
-120.54,40.29,17,3391,623,1529,571,3.4028,91000
-118.27,34.27,27,5205,859,2363,888,6.1946,276100
-118.28,34.26,32,1079,207,486,167,4.9833,213000
-118.29,34.26,33,3177,713,1845,612,4.008,191100
-118.29,34.25,19,1988,594,1399,527,2.4727,175000
-118.27,34.25,37,2489,454,1215,431,5.0234,257600
-118.27,34.25,35,779,143,371,150,4.6635,230100
-118.27,34.25,39,699,150,358,143,4.4375,195800
-118.28,34.24,32,2542,526,1278,493,4.45,263600
-118.28,34.24,29,3390,580,1543,576,5.6184,316900
-118.3,34.25,36,1300,304,688,261,3.1523,176700
-118.33,34.24,31,6434,1188,3540,1131,4.2639,293300
-118.35,34.22,19,9259,1653,3963,1595,5.997,228700
-118.35,34.21,42,1073,220,804,226,3.75,172600
-118.31,34.28,34,3258,610,1810,633,5.1145,219900
-118.31,34.27,35,1446,274,759,291,6.0808,215600
-118.3,34.26,43,1510,310,809,277,3.599,176500
-118.31,34.26,38,2264,460,1124,388,4.2685,189600
-118.31,34.26,34,1797,363,948,363,4.1339,187300
-118.32,34.26,32,3690,791,1804,715,4.4875,222700
-118.33,34.27,29,3034,732,1776,702,3.1349,230200
-118.35,34.27,32,604,108,314,113,6.2037,205400
-118.34,34.26,37,1776,301,702,265,5.2661,314900
-118.35,34.25,34,2795,460,1267,443,6.1464,354400
-118.3,34.26,28,1643,489,1142,458,3.1607,200600
-118.38,34.27,8,3248,847,2608,731,2.8214,158300
-118.41,34.29,35,1008,204,1162,215,3.35,147600
-118.42,34.28,29,1271,272,1338,266,4.125,150000
-118.42,34.28,35,822,200,1197,203,3.2865,133300
-118.42,34.27,35,674,153,808,173,2.6667,147800
-118.43,34.28,30,1384,308,2054,301,3.0132,142600
-118.43,34.27,31,1130,276,1533,269,4.2353,156800
-118.43,34.27,36,1002,250,1312,249,3.024,148000
-118.42,34.27,37,1024,246,1371,239,3.225,147500
-118.43,34.26,30,1246,373,1990,369,3.5104,140900
-118.43,34.26,37,1269,348,1835,335,3.2583,147200
-118.44,34.27,35,777,187,1022,186,3.4,139600
-118.43,34.26,43,729,172,935,174,2.9519,140900
-118.42,34.25,37,1545,341,1909,352,3.6791,148100
-118.42,34.26,26,1788,521,2582,484,2.1062,136400
-118.42,34.26,37,1789,424,2279,411,3.9,138600
-118.4,34.26,13,4379,872,2560,853,4.2538,154300
-118.41,34.25,33,827,192,981,184,2.6429,143100
-118.43,34.33,18,5891,920,2882,911,5.901,235600
-118.42,34.3,29,3334,712,2919,718,3.6548,180300
-118.41,34.32,18,6572,1105,3473,1067,5.2987,203400
-118.42,34.32,30,3027,604,1970,590,4.3409,156000
-118.44,34.31,22,3182,822,2661,746,2.7472,160100
-118.44,34.3,38,1595,314,1181,327,3.4,155500
-118.45,34.31,9,1739,358,820,323,4.0556,182500
-118.45,34.32,23,3481,641,1952,682,4.26,189400
-118.46,34.32,10,5777,1112,2917,1056,4.1514,194100
-118.47,34.3,16,2495,551,2314,567,3.6736,192200
-118.46,34.29,24,3668,890,3151,810,3.0526,183300
-118.49,34.31,25,1024,145,357,147,7.0598,356300
-118.52,34.32,18,7498,976,3189,955,8.1248,374000
-118.51,34.28,29,4239,653,1890,631,6.3911,301700
-118.45,34.3,27,2676,652,2661,623,4.3047,152100
-118.55,34.28,16,8879,1239,3468,1200,8.1125,428600
-118.54,34.3,22,4423,622,1995,582,8.2159,376200
-118.57,34.29,4,6995,1151,2907,1089,7.0808,341200
-118.47,34.27,33,1549,264,881,289,5.1408,222900
-118.48,34.28,35,2132,368,1128,341,5.3107,227100
-118.48,34.28,35,1511,274,873,254,5.5608,226700
-118.47,34.27,17,1444,282,523,270,2.7353,192400
-118.47,34.27,35,1150,185,741,178,5.741,220600
-118.45,34.27,33,1194,229,839,230,3.705,185800
-118.46,34.27,30,1576,282,1004,284,4.8015,179700
-118.44,34.27,36,1111,275,1333,266,3.5347,158100
-118.44,34.27,29,1701,419,1616,371,3.3603,142400
-118.45,34.26,35,1724,311,992,315,4.8359,195600
-118.45,34.25,36,1453,270,808,275,4.3839,204600
-118.45,34.26,35,1637,300,894,302,4.175,209600
-118.46,34.26,36,1394,254,761,262,4.9485,217100
-118.46,34.25,33,2202,433,1135,407,4.2143,224200
-118.46,34.25,32,2217,422,1064,427,3.6989,208600
-118.48,34.26,36,1770,296,938,304,5.749,238000
-118.48,34.25,35,1865,335,1074,337,5.1068,223300
-118.49,34.25,33,2088,383,960,362,4.3333,232900
-118.49,34.27,34,4877,815,2521,781,5.5714,225900
-118.49,34.27,33,3047,527,1578,507,4.58,236200
-118.5,34.27,35,2235,390,1148,416,4.869,221600
-118.51,34.27,34,3787,771,1966,738,4.055,222500
-118.51,34.27,36,2276,429,1001,419,4.1042,252100
-118.52,34.27,36,3204,538,1499,499,5.5649,271200
-118.54,34.26,22,5303,838,2372,807,5.6912,311800
-118.54,34.27,28,2309,300,931,302,6.7415,348200
-118.55,34.26,21,4018,536,1508,529,8.203,445400
-118.55,34.27,25,4919,661,2183,625,8.1356,352800
-118.5,34.26,33,2831,510,1340,504,4.8316,237300
-118.52,34.25,11,7849,1664,3561,1500,4.6625,290900
-118.59,34.26,20,8146,1131,3562,1054,7.167,357100
-118.61,34.24,17,5406,895,2337,882,6.0137,375900
-118.63,34.24,9,4759,924,1884,915,4.8333,277200
-118.62,34.26,15,10860,1653,4178,1581,6.3249,262100
-118.61,34.25,16,8295,1506,3903,1451,5.5111,276600
-118.63,34.22,18,1376,225,670,205,6.5146,277600
-118.64,34.22,25,2762,410,1166,439,6.8643,333700
-118.66,34.23,18,897,142,263,110,6.1288,350000
-118.61,34.22,24,5256,758,2474,780,7.3252,333700
-118.58,34.25,23,4883,769,2119,725,5.521,280800
-118.57,34.23,22,3275,648,1746,585,4.9676,221900
-118.58,34.23,29,3907,773,2037,727,4.1023,230200
-118.58,34.23,35,1917,314,1019,340,4.8929,234900
-118.58,34.22,35,1969,339,950,340,4.875,230400
-118.59,34.22,17,6015,1464,3056,1347,4.0077,229000
-118.52,34.24,6,3218,949,2295,876,3.0926,418500
-118.53,34.25,20,6331,1537,2957,1509,3.3892,323100
-118.54,34.24,24,4631,1164,2360,1083,3.0977,264000
-118.53,34.24,24,2718,719,3018,644,2.9076,275300
-118.54,34.23,35,3422,601,1690,574,4.375,232900
-118.55,34.24,21,5751,1082,2230,1016,4.3458,407500
-118.55,34.23,25,4409,1018,4579,1010,2.8727,245100
-118.54,34.22,34,2193,513,1299,497,3.6187,211600
-118.54,34.23,29,1753,342,1318,333,4.125,241400
-118.47,34.25,21,2692,477,1330,456,4.5417,238900
-118.47,34.24,19,2405,661,1855,621,2.3111,255400
-118.49,34.24,35,2707,446,1224,445,5.2939,244200
-118.5,34.25,32,2333,389,969,331,4.8164,241100
-118.5,34.25,32,2411,380,1040,344,6.155,257300
-118.5,34.23,26,3082,573,1590,586,4.5167,319000
-118.49,34.23,32,4373,683,2040,693,5.2668,242300
-118.49,34.22,30,1756,314,899,288,5.0325,238200
-118.48,34.23,29,3354,707,1752,650,4.5484,239900
-118.46,34.23,20,4609,1499,5349,1377,2.7121,169400
-118.43,34.25,38,921,239,1023,241,3.4514,151900
-118.42,34.24,35,1507,281,1025,286,4.5833,177200
-118.41,34.24,38,490,101,402,100,3.125,175900
-118.44,34.26,34,1102,212,949,212,4.0792,165100
-118.44,34.26,28,1077,288,1377,293,3.9167,153900
-118.44,34.26,34,325,60,433,83,5.5124,174300
-118.44,34.25,35,1583,324,1481,351,3.7,176000
-118.45,34.24,11,9053,2193,7096,2038,3.5082,136500
-118.45,34.24,7,3299,794,2343,647,3.0865,205900
-118.43,34.24,35,1488,293,1112,288,4.4688,182500
-118.44,34.24,36,1660,301,1225,307,4.095,184000
-118.44,34.24,35,2344,435,1531,399,3.725,178200
-118.42,34.22,29,1807,323,1234,310,5.3767,233000
-118.43,34.23,35,1225,228,720,231,3.4013,176500
-118.43,34.23,37,1737,369,1061,356,3.9615,173700
-118.43,34.22,34,1588,360,1080,340,3.66,184600
-118.44,34.22,39,1529,344,913,314,3.325,178200
-118.44,34.23,43,2257,429,1418,442,4.5278,181800
-118.46,34.22,35,2288,617,2222,566,2.6299,170700
-118.46,34.22,31,2057,601,2397,579,2.871,184400
-118.45,34.23,25,4393,1369,3781,1267,2.5833,183700
-118.45,34.22,8,2609,786,1803,695,2.7714,185700
-118.46,34.23,19,9902,2814,7307,2660,2.585,145400
-118.44,34.22,36,1191,266,718,248,3.4612,178800
-118.44,34.22,41,1582,399,1159,378,2.825,168600
-118.43,34.22,34,2300,429,1447,455,4.2656,233700
-118.43,34.21,17,3667,1209,2636,1054,2.425,175500
-118.4,34.22,36,2557,540,1556,491,3.6591,183800
-118.4,34.23,37,1404,266,889,274,4.0049,190000
-118.37,34.22,17,1787,463,1671,448,3.5521,151500
-118.38,34.24,38,125,42,63,29,1.3594,158300
-118.4,34.23,36,1643,349,1414,337,4.1181,172700
-118.39,34.22,40,712,149,533,155,3.695,165200
-118.39,34.22,35,1790,334,1277,345,5.0818,186800
-118.39,34.21,32,1869,441,1516,432,3.6845,178500
-118.39,34.21,14,2807,868,2729,803,2.6667,172400
-118.38,34.22,20,1176,344,864,318,2.375,177700
-118.42,34.22,34,3004,589,1938,568,4.1857,198600
-118.42,34.2,34,161,48,66,33,1,187500
-118.42,34.23,34,1531,278,1064,274,5.6687,207300
-118.37,34.21,36,2080,455,1939,484,4.2875,176600
-118.37,34.22,11,2127,581,1989,530,2.9028,174100
-118.38,34.22,32,362,100,348,102,2.2679,150000
-118.36,34.23,15,2485,742,1994,670,2.8333,183200
-118.36,34.21,41,337,65,198,50,1.8929,152900
-118.38,34.21,42,715,145,730,158,3.8,169500
-118.38,34.2,23,4138,1171,3911,1068,3.0125,181700
-118.39,34.2,17,2594,1028,3950,973,2.0348,177200
-118.37,34.21,33,2034,470,1990,423,3.7455,159600
-118.37,34.2,34,2199,609,2488,597,2.9861,171800
-118.37,34.2,33,1438,309,1378,306,2.8917,170400
-118.36,34.18,34,1471,423,995,386,2.9583,188700
-118.39,34.19,41,2000,485,1439,461,3.0491,192000
-118.39,34.2,19,2012,732,3483,731,2.2234,181300
-118.37,34.19,41,2924,867,2751,836,2.1,171600
-118.38,34.2,32,993,285,1044,248,2.4306,187500
-118.4,34.19,37,934,231,587,230,3.625,181300
-118.4,34.2,30,2392,655,1987,609,2.8424,226400
-118.4,34.19,35,2180,599,1483,574,3.0395,191300
-118.41,34.2,32,2734,654,2209,610,3.5164,217200
-118.41,34.19,42,779,145,450,148,3.9792,193800
-118.42,34.18,27,3760,880,2022,812,3.1551,225600
-118.42,34.18,30,1323,353,856,333,3.3594,202200
-118.41,34.19,45,1106,225,595,228,3.6625,190700
-118.4,34.19,35,1631,356,862,368,3.6007,261800
-118.4,34.18,32,3724,899,1912,791,3.5711,312700
-118.39,34.18,44,477,91,220,112,3.3906,223800
-118.39,34.19,36,904,191,627,191,2.4167,192900
-118.4,34.16,45,1176,250,471,228,2.3333,364700
-118.4,34.16,35,1354,284,501,262,3.8056,384700
-118.4,34.16,34,2638,580,1150,551,4.2989,364700
-118.41,34.16,32,3060,505,1159,510,6.3703,465800
-118.38,34.18,27,4834,1527,3847,1432,2.1449,165300
-118.39,34.17,40,1696,372,835,385,3.6563,222400
-118.38,34.18,44,901,179,473,179,3.3125,186400
-118.37,34.18,35,2949,794,2106,746,2.9228,177300
-118.36,34.18,31,1109,354,1119,334,2.3056,2e+05
-118.41,34.17,27,3277,648,1382,615,3.875,366100
-118.41,34.18,35,1975,384,882,406,4.375,291700
-118.4,34.17,24,4443,1283,2421,1180,2.2652,269200
-118.4,34.17,24,6347,1548,2945,1492,3.3545,221500
-118.39,34.17,26,6429,1611,2806,1491,3.1929,265200
-118.39,34.16,46,1582,279,603,283,5.1169,414300
-118.39,34.16,37,1388,286,547,258,5.1584,444700
-118.38,34.17,30,2016,622,1359,557,2.7708,192300
-118.38,34.16,46,2609,593,1055,585,3.3177,309400
-118.38,34.16,31,2197,501,944,474,3.7312,319400
-118.37,34.17,10,1431,473,1438,429,2.2756,221400
-118.37,34.17,6,854,350,542,321,0.8198,325000
-118.37,34.16,25,2450,618,1054,578,3.6375,262500
-118.36,34.16,43,2850,709,1510,670,2.4835,274300
-118.37,34.16,17,4150,1148,1808,1041,3.5051,232400
-118.36,34.16,42,2304,442,862,429,4.3542,417900
-118.43,34.2,20,4090,1271,2824,1053,2.773,140500
-118.43,34.21,26,2867,671,1955,640,4.125,226500
-118.46,34.2,13,2926,816,1867,802,3.5255,202700
-118.47,34.2,20,3939,1143,2475,1002,2.9025,229100
-118.48,34.2,26,2027,559,1545,513,2.8974,189900
-118.49,34.21,25,1131,449,746,420,1.3565,225000
-118.49,34.19,23,2087,571,1809,553,3.1667,202000
-118.5,34.2,34,1617,344,938,305,3.915,217700
-118.48,34.2,23,2850,864,2249,777,2.6957,191700
-118.45,34.2,27,1572,450,1039,455,2.5562,190500
-118.45,34.2,18,2729,800,2099,742,2.5842,230800
-118.46,34.2,22,4855,1350,2519,1258,3.0893,205600
-118.46,34.19,35,1491,295,779,309,6.1142,256300
-118.44,34.2,36,2698,623,1544,554,2.7375,234900
-118.44,34.2,35,1717,478,1628,495,2.5197,225600
-118.44,34.2,17,2934,950,2517,889,2.936,232500
-118.43,34.19,27,3440,739,1827,712,4.125,245500
-118.44,34.18,36,2077,496,1206,528,2.2326,221000
-118.44,34.19,11,2891,951,2166,768,2.891,178100
-118.44,34.18,17,1546,592,2423,556,2.1977,154200
-118.45,34.19,11,2479,900,2466,855,2.2264,181300
-118.47,34.19,41,1104,196,495,196,5.0929,225000
-118.45,34.18,34,1843,442,861,417,3.6875,246400
-118.46,34.18,35,1819,465,1336,419,3.4583,253200
-118.44,34.18,35,972,270,550,256,2.2461,215000
-118.44,34.17,29,2685,642,1085,599,3.2763,279400
-118.43,34.16,34,2622,467,1233,476,4.0474,379700
-118.44,34.16,35,3080,642,1362,623,4.1218,328500
-118.45,34.16,22,4982,1358,2237,1220,3.7105,272600
-118.45,34.17,33,3100,687,1388,658,4.3333,261300
-118.46,34.17,24,2814,675,1463,620,4.1875,309300
-118.46,34.17,22,6707,1737,2620,1610,3.1478,273700
-118.45,34.16,33,2544,500,1035,492,4.475,314800
-118.46,34.16,28,2795,622,1173,545,4.4423,280400
-118.46,34.16,26,2548,647,1098,540,4.3839,299100
-118.51,34.22,36,2794,523,1334,472,4.3462,222100
-118.5,34.21,36,1656,310,817,308,5.5675,215900
-118.51,34.22,36,1952,387,1156,392,4.185,209200
-118.52,34.22,35,1620,272,1052,248,5.5209,203300
-118.52,34.21,34,1663,299,762,282,5.1265,211000
-118.53,34.22,29,4101,849,2630,867,4.6607,199800
-118.53,34.21,18,3124,796,1855,725,2.9389,213200
-118.55,34.21,35,2592,490,1427,434,5.0623,246400
-118.56,34.21,36,1286,242,788,248,3.5333,196800
-118.55,34.21,33,3910,838,2097,810,3.8247,208700
-118.51,34.2,35,1614,308,850,330,4.1806,209000
-118.52,34.21,36,1328,287,823,273,4.5648,193700
-118.51,34.2,33,2327,479,1166,472,4.2344,262500
-118.51,34.2,34,2871,581,1350,535,3.7049,227500
-118.51,34.19,35,2537,418,1161,421,5.3028,229200
-118.5,34.19,35,2720,490,1158,445,5.0796,228300
-118.52,34.2,19,4315,1304,2490,1222,2.6437,195000
-118.55,34.2,21,2549,651,1624,628,3.6905,179800
-118.55,34.2,31,1963,420,1494,415,3.5313,211800
-118.52,34.19,42,881,170,464,163,2.9511,203900
-118.52,34.19,37,1560,275,763,284,3.8516,206900
-118.52,34.18,34,2307,388,1168,427,4.2143,245400
-118.56,34.2,36,1544,308,891,286,4.175,190900
-118.56,34.19,34,1237,242,671,221,3.9615,183600
-118.56,34.19,34,2579,561,1237,517,4.433,235100
-118.54,34.18,25,1938,457,1280,425,3.9632,240300
-118.58,34.21,24,2642,696,1649,633,3.0187,217700
-118.6,34.21,21,9512,2560,7282,2387,2.8039,227500
-118.61,34.21,33,2609,431,1208,406,5.4527,227100
-118.65,34.2,23,7480,1084,3037,1058,6.9223,338400
-118.63,34.2,19,7411,1045,2814,950,6.7785,336100
-118.6,34.21,19,2581,857,2004,784,2.6159,182300
-118.56,34.2,35,1770,362,1083,355,5.0483,221000
-118.57,34.21,36,878,167,499,179,4.1181,190400
-118.57,34.2,18,7157,1869,4642,1699,3.1818,208000
-118.56,34.19,36,2600,441,1246,426,4.1111,215600
-118.57,34.2,36,2559,469,1358,445,4.5568,201500
-118.57,34.2,33,1759,311,943,315,5.223,209200
-118.58,34.2,35,1323,228,756,216,4.233,221300
-118.58,34.19,35,2329,399,966,336,3.8839,224900
-118.58,34.19,15,3061,1079,2173,1078,2.85,187500
-118.58,34.18,28,908,142,368,143,5.6159,340500
-118.62,34.2,29,2421,402,1120,388,5.0309,244800
-118.62,34.18,25,3124,468,1241,439,6.4044,333100
-118.62,34.19,35,1934,307,905,315,5.5101,267400
-118.61,34.19,28,3824,749,1790,701,4.1154,246400
-118.61,34.19,34,703,127,369,127,4.3125,210100
-118.6,34.19,16,14912,4183,5105,3302,2.8312,213900
-118.63,34.19,32,3568,591,1741,563,5.1529,259600
-118.64,34.19,30,2399,373,1062,377,6.0094,245600
-118.64,34.19,33,3017,494,1423,470,5.6163,248400
-118.64,34.18,33,3808,623,1784,615,5.1641,263400
-118.64,34.19,28,3274,571,1424,521,4.4167,247300
-118.66,34.19,23,7544,1031,3221,1043,7.642,374900
-118.58,34.17,29,3393,574,1471,587,6.2064,334900
-118.61,34.17,19,5944,1345,2372,1250,3.8819,328900
-118.65,34.18,26,4607,656,1769,643,7.4918,367600
-118.61,34.17,31,1689,362,705,360,4,278500
-118.61,34.16,29,4364,647,1550,624,6.8107,367400
-118.63,34.16,33,2896,455,1116,411,6.0192,347700
-118.62,34.15,26,5661,791,2493,780,7.9814,409900
-118.59,34.15,29,2023,330,747,304,6.7694,369700
-118.6,34.15,28,4570,744,1693,695,6.14,361900
-118.59,34.14,19,1303,155,450,145,10.5511,483100
-118.51,34.17,31,3252,834,1411,760,3.1885,219000
-118.52,34.18,42,1611,410,879,386,3.1923,221800
-118.54,34.17,11,1080,174,386,160,6.1274,315900
-118.56,34.18,39,1819,291,770,278,5.4088,457300
-118.53,34.18,16,7194,1976,3687,1894,3.1887,189300
-118.52,34.16,39,2693,478,1219,435,5.17,335400
-118.53,34.16,32,3554,762,1623,750,3.6141,290600
-118.5,34.16,34,3547,523,1187,500,7.139,424000
-118.5,34.17,37,880,154,369,155,4.1429,303600
-118.43,34.15,31,1856,425,795,426,2.8448,360600
-118.44,34.15,29,5474,1457,2352,1326,3.415,382500
-118.44,34.15,15,4420,1076,1669,1016,4.6375,359100
-118.44,34.15,38,1387,337,713,343,2.9352,304500
-118.45,34.16,22,7828,2038,3303,1922,3.6171,318300
-118.45,34.15,10,1091,260,517,266,4.1727,332600
-118.45,34.15,20,3876,799,1334,753,4.5656,478400
-118.46,34.16,38,1495,300,598,280,3.4698,265400
-118.48,34.15,31,2536,429,990,424,5.4591,495500
-118.45,34.14,33,1741,274,588,267,7.9625,490800
-118.38,34.16,42,2358,546,1065,523,3.1289,320600
-118.39,34.15,29,3110,650,1212,642,4.2031,394400
-118.39,34.15,29,917,181,379,183,3.4612,425000
-118.42,34.15,48,680,131,268,126,4.615,371400
-118.42,34.16,17,277,70,119,59,4.0208,341700
-118.42,34.16,46,54,9,20,6,0.536,375000
-118.4,34.15,44,2515,510,967,484,5.0754,374500
-118.38,34.14,42,1253,225,492,224,7.7112,386700
-118.35,34.13,39,1610,278,511,278,4.3333,385900
-118.34,34.12,41,3257,679,1237,638,4.2415,409600
-118.37,34.14,23,1883,512,774,478,3.5096,396400
-118.41,34.14,33,778,143,258,130,5.738,497600
-118.19,34.14,46,2387,488,1181,456,3.6058,257900
-118.23,34.14,39,277,89,182,91,2.3958,175000
-118.2,34.14,52,2090,466,1219,390,4.0909,204200
-118.21,34.14,44,1681,407,1105,387,3.2222,186500
-118.21,34.14,25,1908,628,1412,588,2.2267,189800
-118.21,34.13,52,2465,611,1433,570,3.25,214200
-118.22,34.13,47,1585,420,949,366,2.7098,173800
-118.22,34.13,52,791,174,501,162,3.3542,178100
-118.18,34.13,52,2228,475,1311,452,3.5341,182100
-118.18,34.12,45,2397,488,1569,471,4.21,167900
-118.17,34.12,35,2568,672,1696,605,2.9154,169200
-118.18,34.12,29,2640,737,1795,655,2.369,173400
-118.17,34.12,30,3376,720,1990,725,3.7813,232000
-118.19,34.12,44,1219,324,1036,282,4.0417,170600
-118.19,34.12,36,2833,720,2148,709,2.7012,172100
-118.2,34.13,50,2929,588,1931,574,3.3438,173600
-118.2,34.12,52,1580,426,1462,406,3.3326,167600
-118.21,34.12,52,1301,389,1189,361,2.5139,190000
-118.2,34.11,52,1901,525,1856,480,3,156400
-118.19,34.11,40,1266,348,1032,315,2.1667,150000
-118.19,34.12,35,2524,749,2487,679,2.4932,167700
-118.18,34.11,44,1346,398,1204,344,2.3984,152200
-118.19,34.11,38,1158,309,1051,322,2.286,169300
-118.19,34.1,42,1577,379,1317,378,3.2121,153900
-118.2,34.11,37,2040,611,1698,545,1.9355,166300
-118.2,34.1,30,3643,1197,4336,1163,2.07,154500
-118.21,34.1,40,1684,316,795,330,5.2723,218300
-118.21,34.1,47,5077,1271,3348,1106,3.0377,186800
-118.22,34.1,35,4003,788,2785,764,4.1213,252100
-118.21,34.1,36,2000,533,1234,535,3.7437,241700
-118.21,34.09,34,1660,412,1678,382,2.7708,148200
-118.22,34.09,45,1072,275,996,243,2.8194,165000
-118.23,34.13,47,1162,235,781,268,4.6528,244400
-118.23,34.13,48,737,166,462,131,3.5893,212500
-118.22,34.13,40,2749,580,1375,511,4.825,205800
-118.23,34.13,48,1308,286,835,294,4.2891,214800
-118.22,34.12,37,1298,242,750,255,5.2049,240800
-118.23,34.11,31,1021,191,495,191,5.5051,223500
-118.25,34.12,11,1281,418,1584,330,2.8889,153100
-118.24,34.12,29,2904,892,3320,765,2.6111,168800
-118.24,34.11,50,2141,451,1777,426,2.7679,178800
-118.24,34.11,39,1148,348,1161,333,2.2167,176700
-118.25,34.11,43,2230,583,1667,543,2.8667,217800
-118.24,34.1,42,1525,456,1688,432,3.1691,141300
-118.25,34.11,52,125,42,99,40,3.4375,170000
-118.25,34.1,42,598,147,312,144,2.625,164300
-118.26,34.11,52,1740,402,749,335,3.5673,270700
-118.27,34.14,29,3768,1211,2320,1030,2.7685,204500
-118.27,34.13,47,1375,359,1512,418,2.1071,208900
-118.27,34.13,46,1613,396,966,416,2.9392,230300
-118.28,34.11,45,1607,331,633,332,3.1445,438300
-118.26,34.12,52,1942,476,1375,477,2.7348,209100
-118.29,34.1,39,2196,582,1165,538,2.9417,254200
-118.29,34.11,24,3696,1125,1685,1031,2.3789,266700
-118.29,34.11,48,1448,295,681,287,3.2333,436400
-118.3,34.1,37,5305,1980,3895,1874,2.0672,283300
-118.32,34.12,52,3410,800,1218,783,4.15,393500
-118.32,34.11,42,2462,543,857,482,4.0833,434400
-118.32,34.11,33,5135,1450,2404,1292,3.2462,435700
-118.32,34.11,48,4472,1579,2796,1397,2.3974,410700
-118.33,34.11,48,1601,464,784,461,3.0642,342900
-118.35,34.1,26,3977,1050,1720,935,3.358,364500
-118.36,34.1,52,1295,281,578,273,2.976,405100
-118.35,34.1,18,7432,2793,3596,2270,2.8036,225000
-118.35,34.1,16,2930,1038,1648,980,2.6458,372200
-118.35,34.1,20,2745,782,1161,739,3.9044,436400
-118.35,34.1,24,5477,1803,2863,1755,1.845,237500
-118.34,34.1,28,2223,752,1271,684,2.5434,232100
-118.33,34.1,30,5293,2446,4123,2127,1.51,187500
-118.33,34.1,43,2732,1646,3049,1429,1.3157,333300
-118.32,34.09,34,2473,1171,2655,1083,1.6331,162500
-118.31,34.09,34,2065,839,2626,775,1.8214,211100
-118.31,34.09,37,773,314,835,312,1.8576,193800
-118.32,34.09,32,563,191,626,185,2.0341,250000
-118.32,34.09,34,1478,675,1976,653,2.0557,225000
-118.32,34.1,30,2193,965,2197,836,1.8277,137500
-118.32,34.1,52,786,270,756,273,2.2311,206300
-118.3,34.1,29,3403,1367,3432,1174,1.7083,166700
-118.3,34.1,36,2284,899,1964,839,1.9297,203300
-118.3,34.09,36,2332,993,3155,927,2.2612,230400
-118.29,34.1,39,631,298,744,274,2.7054,162500
-118.28,34.09,38,790,275,664,194,3.0357,175000
-118.29,34.09,28,1562,648,1974,597,1.9766,112500
-118.29,34.09,35,2198,998,3441,912,2.0467,158300
-118.29,34.09,52,1272,322,984,353,1.9063,261600
-118.3,34.09,29,3245,1190,3906,1102,2.1927,253300
-118.3,34.09,25,2345,852,2860,862,1.4497,205600
-118.32,34.09,44,2666,830,2297,726,1.676,208800
-118.32,34.09,28,2173,819,2548,763,1.879,218800
-118.33,34.09,40,2004,687,1514,542,1.9911,220000
-118.34,34.09,5,2665,954,1733,766,2.3568,204700
-118.34,34.09,14,3032,999,1691,841,2.2,210000
-118.34,34.08,50,3457,854,1584,841,3.1078,346700
-118.35,34.09,47,1800,546,921,478,2.8021,280600
-118.35,34.09,42,2210,643,1228,605,2.5982,315800
-118.33,34.08,50,2989,832,1345,775,3.2426,442900
-118.31,34.08,31,2275,823,2189,720,1.7542,287500
-118.32,34.08,46,2038,534,1250,525,2.4196,358100
-118.31,34.08,23,1443,521,1264,450,2.7543,220000
-118.32,34.08,52,1137,304,754,297,3.37,330300
-118.31,34.08,27,1514,510,1603,518,2.8971,251100
-118.31,34.08,26,1609,534,1868,497,2.7038,227100
-118.3,34.08,34,1562,651,1774,559,1.5685,225000
-118.38,34.11,38,2601,523,870,474,7.1134,416700
-118.36,34.09,38,2158,582,1061,577,2.9643,355300
-118.36,34.08,45,2195,483,1265,455,3.3864,397900
-118.37,34.08,52,1466,254,600,253,5.7524,393600
-118.26,34.1,48,2566,571,1421,563,3.6579,318600
-118.27,34.1,41,3729,740,1364,707,5.7778,412700
-118.27,34.11,41,4138,1130,1859,1030,2.978,306800
-118.28,34.1,44,2728,585,1227,567,4.0602,324000
-118.27,34.1,50,2113,398,793,418,4.7132,304600
-118.28,34.1,48,805,246,633,235,2.3421,2e+05
-118.28,34.1,49,2843,880,2004,796,2.7875,217300
-118.27,34.09,48,1527,295,589,286,4.1667,344800
-118.27,34.09,52,2327,555,1048,491,3.7847,252300
-118.27,34.09,52,1079,222,439,201,4.625,230800
-118.27,34.09,44,3646,912,1783,861,2.9709,225000
-118.26,34.07,36,2306,813,2823,765,2.0214,170500
-118.27,34.08,46,3007,854,2587,814,2.7179,184300
-118.28,34.08,42,997,374,982,372,2.9423,2e+05
-118.27,34.08,43,962,253,658,244,3.2386,185000
-118.28,34.09,52,1739,464,938,482,2.4429,228800
-118.28,34.08,40,1630,543,1568,510,2.7366,169100
-118.23,34.07,40,506,119,397,114,3.1944,143800
-118.24,34.08,52,137,26,65,24,4.025,137500
-118.25,34.09,52,2050,429,957,418,3.5603,210000
-118.25,34.09,43,1903,635,1919,613,2.6336,174300
-118.25,34.09,52,1866,470,1211,417,2.935,189400
-118.25,34.09,52,3142,765,1728,682,3.1864,189800
-118.26,34.08,45,2225,827,2699,792,1.9209,179200
-118.26,34.07,46,2341,703,2371,648,2.4038,181700
-118.26,34.07,52,830,200,701,189,2.7625,232100
-118.25,34.07,43,764,322,1275,306,2,175000
-118.25,34.07,16,719,225,801,218,2.3942,133300
-118.22,34.08,31,394,117,573,131,1.8173,154200
-118.19,34.08,38,1241,298,1055,263,2.3409,115500
-118.2,34.07,21,1353,380,1688,367,1.9937,139600
-118.19,34.1,39,2054,423,1205,403,4.239,213000
-118.21,34.08,52,3672,808,3062,764,2.6806,153000
-118.22,34.07,35,1504,477,2059,498,2.0133,145800
-118.21,34.07,31,1077,300,1198,274,2.1333,160200
-118.21,34.07,52,1770,435,1848,439,2.4135,167200
-118.21,34.07,31,1453,404,1486,389,2.3859,153100
-118.21,34.07,42,902,318,1312,323,1.9375,168800
-118.16,34.09,36,3334,920,2881,800,2.1696,170800
-118.17,34.09,45,1327,271,1069,284,3.3977,153800
-118.18,34.09,40,2744,708,2747,674,2.6226,148800
-118.18,34.09,44,1688,426,1605,384,3.3785,184900
-118.19,34.09,41,2090,530,2043,537,1.9706,144200
-118.19,34.08,35,1554,381,1487,374,1.9038,139500
-118.19,34.07,42,1555,337,1152,348,3.375,169600
-118.19,34.06,44,1734,364,1133,351,2.5132,163100
-118.17,34.09,36,3066,797,3097,780,2.5523,156500
-118.17,34.09,33,2907,797,3212,793,2.2348,146600
-118.18,34.08,33,1369,408,1475,377,2.3281,151900
-118.17,34.08,39,787,181,731,179,3.2279,158500
-118.16,34.07,41,247,55,925,50,3.5769,135700
-118.17,34.07,37,1155,225,814,241,3.875,148500
-118.18,34.06,27,2025,565,2189,577,2.6083,148600
-118.19,34.06,47,2324,658,3020,594,1.1868,93800
-118.2,34.06,46,453,119,533,132,2.2961,112500
-118.2,34.06,40,1181,335,1441,337,2.1136,111800
-118.2,34.05,8,762,204,728,174,2.4886,137500
-118.19,34.05,46,1051,302,1435,305,1.6667,133600
-118.2,34.05,36,2672,675,2883,674,2.0885,142800
-118.19,34.05,37,349,79,276,64,3.2125,125000
-118.22,34.06,52,48,6,41,10,10.2264,112500
-118.21,34.05,28,1079,306,1358,285,2.52,131900
-118.21,34.05,28,950,357,1485,345,1.9271,136400
-118.2,34.05,43,1165,317,1279,303,1.9615,141700
-118.2,34.05,40,1146,323,1354,321,1.9205,121900
-118.2,34.05,40,1082,318,1085,273,1.7054,117200
-118.19,34.05,43,977,266,1084,259,2.7708,127900
-118.19,34.05,41,1098,264,1178,245,2.1058,124300
-118.19,34.04,40,1095,305,1322,281,1.9688,150000
-118.19,34.03,50,1183,246,851,231,3.2639,142600
-118.2,34.04,47,1894,408,1629,379,3.7619,127600
-118.2,34.03,52,1754,452,1849,445,2.3716,122800
-118.2,34.04,36,1625,490,2003,478,2.181,147200
-118.2,34.04,44,1582,544,1998,515,1.6888,125000
-118.21,34.04,36,1825,479,2097,480,2.1862,135300
-118.21,34.04,37,845,249,881,252,2.2454,165000
-118.21,34.05,28,1841,809,3199,727,1.6319,151600
-118.22,34.04,43,798,308,1417,325,1.4189,141700
-118.22,34.05,44,1105,346,1598,372,1.2,115600
-118.22,34.04,43,2343,803,2468,707,1.5163,115000
-118.21,34.04,43,1502,477,1844,477,1.9405,152500
-118.2,34.03,41,1292,334,1150,322,1.925,135200
-118.2,34.02,49,1098,317,1411,301,2.75,146000
-118.2,34.03,52,774,209,813,203,2.3472,135200
-118.2,34.03,37,1583,392,1776,377,2.7266,140800
-118.21,34.02,45,792,203,872,188,2.6875,129700
-118.19,34.02,44,2702,770,3260,721,2.3575,144800
-118.2,34.02,48,2230,593,2419,598,2.3944,130700
-118.2,34.02,42,498,120,548,119,3.7543,126600
-118.21,34.02,52,22,7,55,7,7.5752,67500
-118.24,34.06,8,1204,552,1074,517,1.0227,87500
-118.25,34.05,8,3105,1256,1086,997,0.8131,275000
-118.25,34.06,12,4011,1438,1673,1088,5.3081,287500
-118.26,34.04,6,1529,566,1051,473,2.462,162500
-118.26,34.06,38,715,282,1174,300,2.345,225000
-118.26,34.06,42,2541,1282,3974,1189,1.5854,87500
-118.27,34.07,42,1175,428,1593,407,2.3438,213300
-118.27,34.07,34,786,341,1239,320,2.3438,152100
-118.28,34.07,24,3247,1281,2642,1182,2.4632,216700
-118.28,34.07,14,1924,926,2226,792,2.2552,265900
-118.28,34.07,32,1777,536,1684,489,2.3636,190000
-118.28,34.07,25,7522,3179,7221,2902,2.0173,177500
-118.28,34.06,14,1787,853,2251,763,1.1642,4e+05
-118.28,34.06,17,2518,1196,3051,1000,1.7199,175000
-118.27,34.06,26,513,338,1204,321,1.4904,275000
-118.27,34.05,37,350,245,1122,248,2.7634,137500
-118.27,34.05,52,1292,864,2081,724,0.9563,275000
-118.28,34.06,52,1261,616,2309,581,1.6184,225000
-118.28,34.06,52,936,454,990,354,1.1122,187500
-118.27,34.05,26,1164,674,1685,541,1.5727,225000
-118.28,34.05,28,1306,637,2079,598,1.4615,275000
-118.28,34.05,31,1525,730,2510,652,1.6355,162500
-118.28,34.05,41,1075,597,2260,614,1.3,162500
-118.28,34.05,44,968,384,1805,375,1.4801,212500
-118.27,34.04,13,1784,730,2158,682,1.7038,118100
-118.29,34.07,26,2302,1124,2660,1004,2.3567,253100
-118.29,34.08,43,3056,1345,3920,1304,1.925,3e+05
-118.3,34.07,36,2657,738,2274,723,3.425,281700
-118.31,34.07,28,2362,949,2759,894,2.2364,305600
-118.31,34.08,49,2549,630,1539,594,2.6218,350900
-118.31,34.07,26,5062,2055,4533,1822,2.3105,166700
-118.3,34.06,20,1782,896,1749,823,2.2094,75000
-118.29,34.07,24,4021,1707,3727,1529,1.7365,112500
-118.3,34.07,28,5221,2530,5840,2374,1.8829,3e+05
-118.3,34.06,43,1366,740,942,672,1.6953,150000
-118.29,34.06,42,3894,2293,6846,2156,1.5553,70000
-118.29,34.06,46,1759,1012,2716,877,2.1637,350000
-118.3,34.06,47,1390,872,2860,827,1.468,137500
-118.3,34.06,33,2437,1283,3906,1084,2.0332,270000
-118.31,34.06,47,3038,1533,4225,1472,1.6725,187500
-118.31,34.06,52,2124,756,1920,756,2.1435,328900
-118.32,34.05,42,3292,713,2224,674,3.5517,291500
-118.32,34.06,43,2808,584,1654,569,4.125,436800
-118.32,34.06,36,3239,722,1383,612,4.5918,337000
-118.33,34.06,52,1368,231,737,248,8.3617,433800
-118.33,34.05,48,2405,527,1868,502,3.375,257800
-118.33,34.05,44,1574,390,1323,404,2.5284,226300
-118.33,34.05,45,1707,519,1446,466,2.1736,171300
-118.32,34.05,42,3343,1183,3480,1146,1.9923,250000
-118.3,34.05,44,1612,650,2028,593,1.9152,115600
-118.3,34.05,42,1476,610,1605,545,1.721,214300
-118.31,34.05,42,443,223,582,223,2.2937,350000
-118.3,34.05,31,1744,720,2034,633,2.2684,193800
-118.29,34.05,30,1417,589,1615,540,1.3867,193800
-118.29,34.05,34,1102,448,1325,439,1.5972,168800
-118.3,34.05,34,1453,588,1987,589,2.096,187500
-118.29,34.05,18,3585,1661,5229,1534,1.847,250000
-118.29,34.05,11,677,370,1143,341,2.3864,350000
-118.29,34.05,31,2818,1252,4126,1200,2.053,229200
-118.35,34.08,52,2877,721,1186,704,3.2645,175000
-118.35,34.07,48,890,255,434,232,3.6111,450000
-118.37,34.07,50,2519,537,1117,516,4.3667,405600
-118.36,34.07,52,2046,451,944,435,3.4265,456900
-118.37,34.07,52,2203,437,899,384,4.25,486900
-118.37,34.07,52,2195,435,884,432,5.24,486400
-118.37,34.07,39,2309,526,870,546,3.1677,453400
-118.34,34.05,52,2530,458,1122,449,3.9167,321600
-118.34,34.06,52,1482,336,768,300,3.7167,327300
-118.35,34.06,48,1354,279,716,309,3.7167,385000
-118.35,34.05,33,2880,836,1416,736,2.6781,328800
-118.37,34.06,52,843,160,333,151,4.5192,446000
-118.38,34.06,29,3946,1008,1676,876,2.7824,450000
-118.37,34.05,35,2457,552,1159,523,3.0862,345300
-118.37,34.04,52,1197,231,671,219,3.825,278500
-118.37,34.05,48,1266,234,539,222,4.005,275000
-118.37,34.06,52,2239,423,832,411,5.0858,470000
-118.37,34.05,52,2346,437,1121,400,4.0583,444300
-118.36,34.04,49,995,184,462,194,2.7917,242000
-118.38,34.05,52,1004,231,590,226,4.2404,351000
-118.38,34.05,52,1241,210,526,214,4.4191,334100
-118.38,34.05,40,2352,598,1133,563,3.238,287500
-118.35,34.05,47,2815,679,1533,594,2.5806,234100
-118.35,34.05,44,1856,493,1374,469,2.0984,158000
-118.36,34.05,45,2283,509,1093,475,2.5658,252000
-118.35,34.05,46,2149,451,905,443,2.8841,290800
-118.34,34.05,52,2194,504,997,438,2.6654,259400
-118.32,34.04,39,1294,330,1140,313,2.2554,165000
-118.33,34.05,46,3015,795,2300,725,2.0706,268500
-118.34,34.05,41,2099,472,1369,465,2.7409,167100
-118.34,34.04,40,2064,662,2140,617,2.2254,127100
-118.34,34.04,37,1466,529,1835,500,1.7014,123200
-118.35,34.04,36,1956,601,1672,546,1.8685,150700
-118.35,34.04,49,1104,266,668,297,3.0856,151600
-118.35,34.04,45,1579,357,713,335,2.1711,179200
-118.35,34.04,38,1626,375,1019,372,2.3687,146800
-118.37,34.03,37,1236,309,966,292,3.0694,122200
-118.36,34.04,34,3239,806,2331,765,2.0538,125800
-118.35,34.04,41,1617,423,1110,375,2.4635,169400
-118.35,34.04,45,1839,459,1312,460,2.5625,138000
-118.34,34.04,42,1681,360,987,337,2.6,171400
-118.34,34.04,42,2010,494,1203,427,1.9408,134600
-118.33,34.04,33,1806,444,1161,393,2.5927,161500
-118.32,34.04,47,1989,532,1430,519,1.8333,151100
-118.32,34.04,44,1008,223,544,223,2.8654,176800
-118.33,34.03,39,2840,826,1911,688,1.9018,137500
-118.32,34.03,47,1082,198,455,193,3.0132,223200
-118.32,34.02,52,2511,587,1660,546,2.6098,127100
-118.32,34.02,51,2010,460,1355,433,2.0304,133400
-118.33,34.02,45,1667,399,928,375,1.8783,118200
-118.34,34.02,48,1614,320,684,318,4.2218,181000
-118.36,34.03,40,2323,661,1847,614,1.8316,113500
-118.36,34.03,38,1400,376,1139,315,2.2368,120000
-118.36,34.03,35,1819,499,1666,482,1.6452,125900
-118.34,34.03,46,2437,502,1151,477,2.4444,134100
-118.34,34.02,49,1609,371,896,389,2.5156,136600
-118.34,34.03,47,1927,561,1349,508,1.3444,125000
-118.37,34.02,44,1944,458,981,377,2.6154,193200
-118.28,34.05,35,1627,838,3013,791,1.5565,152500
-118.28,34.04,39,1155,433,1857,424,2.1696,153400
-118.3,34.04,50,1757,522,2080,488,1.7225,180000
-118.31,34.05,38,1864,515,1768,439,1.9336,190600
-118.31,34.05,35,2007,571,1513,554,2.1162,229200
-118.31,34.05,26,1809,640,2543,640,2.3536,5e+05
-118.32,34.03,31,2206,501,1194,435,1.9531,227800
-118.31,34.04,52,1277,285,954,334,2.5833,234600
-118.29,34.04,44,1941,579,2049,535,2.0405,143000
-118.29,34.04,31,700,299,1272,298,2.1542,128100
-118.28,34.03,45,943,289,953,238,2.0673,151600
-118.29,34.03,42,907,378,822,288,1.2875,179200
-118.29,34.03,38,1501,437,1777,441,2.0848,135200
-118.31,34.03,46,2173,510,1343,476,2.025,135500
-118.31,34.02,52,1173,284,814,295,2.45,111400
-118.31,34.02,44,1555,324,931,265,1.4712,105800
-118.31,34.02,45,1423,278,822,276,2.4519,98100
-118.31,34.02,52,1832,441,1186,420,1.2434,98400
-118.3,34.03,37,2781,766,2586,729,1.8564,187500
-118.31,34.02,23,1703,397,1333,361,1.3187,127100
-118.3,34.02,34,3184,772,2474,705,1.631,137500
-118.3,34.02,31,1933,478,1522,423,1.5781,119300
-118.27,34.03,50,395,232,948,243,1.7546,175000
-118.28,34.04,25,1582,780,2390,719,1.4167,2e+05
-118.28,34.03,41,1933,791,3121,719,1.8539,147500
-118.28,34.03,25,1407,550,1193,472,1.2989,225000
-118.25,34.02,50,180,89,356,76,2.1944,158300
-118.26,34.02,38,1091,349,1786,340,2.131,136500
-118.26,34.02,37,1551,501,2173,474,2.1667,117700
-118.26,34.02,46,1249,357,1607,331,2.0703,114800
-118.26,34.02,41,848,323,1428,313,1.5603,109600
-118.26,34.02,39,698,232,1046,228,2.2356,119500
-118.25,34.01,28,481,136,596,128,1.2396,90300
-118.25,34.02,32,1311,410,1792,396,2.3304,119900
-118.24,34.01,48,396,99,485,110,2.375,107500
-118.24,34.01,43,1456,444,2098,433,1.8929,99200
-118.25,34.01,31,1301,403,1952,377,2.1466,100800
-118.24,34.01,30,405,86,376,68,1.7813,127500
-118.25,34.01,45,782,270,1030,235,1.0898,93400
-118.25,34.01,36,879,262,1034,236,1.2857,99300
-118.25,34.01,43,1575,475,1980,469,1.7425,100500
-118.25,34.01,30,962,291,1280,263,1.4464,110200
-118.26,34.01,47,1269,323,1628,325,1.5089,115800
-118.27,34.01,47,921,264,881,221,1.4327,114100
-118.27,34.01,43,1235,385,1745,372,2.0817,113300
-118.27,34,46,1748,428,1707,409,2.148,103800
-118.27,34,47,780,237,888,215,1.75,95800
-118.26,34,41,1733,492,1776,453,1.6221,104200
-118.24,33.99,44,448,116,504,96,1.875,98600
-118.24,33.99,41,1425,372,1803,353,1.6731,88200
-118.25,33.99,42,2261,574,2496,527,1.5556,98500
-118.25,33.99,39,1274,319,1362,324,2.1793,107900
-118.26,34,27,1611,479,1457,458,0.8941,91900
-118.27,34,40,2099,599,2311,529,1.852,101500
-118.27,34,43,1638,434,1213,390,1.3403,110800
-118.27,34,43,1258,381,1276,358,1.8917,106900
-118.26,33.99,47,1865,465,1916,438,1.8242,95000
-118.26,33.99,36,2016,505,1807,464,1.6901,103500
-118.27,33.99,35,932,294,1153,282,1.4886,1e+05
-118.3,34.01,48,4217,1095,3298,949,1.9152,122300
-118.3,34.02,42,2386,670,2327,661,1.6699,108000
-118.31,34.02,43,2255,533,1568,470,1.6955,115200
-118.31,34.01,39,2073,566,1246,547,2.0417,117100
-118.31,34.01,48,2544,532,1357,498,2.5263,121000
-118.31,34.01,52,2547,475,1417,444,1.8214,123200
-118.29,34.01,42,814,223,511,188,2.3942,123200
-118.3,34.01,52,1444,343,1154,334,2.0625,134400
-118.28,34,46,1650,463,1992,458,2.3403,114100
-118.29,34,6,1487,468,1509,403,1.4639,112500
-118.29,34.01,39,751,207,1010,231,1.6036,137500
-118.28,34,43,713,245,880,237,1.2065,103600
-118.28,34.01,52,795,308,1118,275,1.2175,131300
-118.28,34.01,48,483,190,775,188,2.3309,126600
-118.28,34,38,3335,921,3612,887,2.125,118800
-118.28,34,42,1534,417,1295,380,2.0938,119200
-118.28,34,42,855,284,890,247,1.2778,112500
-118.28,34,44,2636,725,2182,651,1.432,124000
-118.28,34,48,1514,376,1353,344,2.1607,96100
-118.29,34,44,1753,387,1165,380,2.1354,105800
-118.29,34,41,1807,493,1731,471,1.2347,111700
-118.29,34,52,1319,295,898,271,2.7727,128600
-118.3,34,52,1420,355,1080,353,1.5179,116100
-118.29,34,52,2579,494,1558,458,2.0809,109600
-118.3,34,52,1686,377,982,356,2.0958,116400
-118.3,34,52,1296,246,853,238,3.05,111600
-118.31,34,52,1542,309,939,276,1.6892,129100
-118.3,34,52,1718,354,1026,312,2,128000
-118.31,33.99,48,2235,433,1363,433,1.6559,101400
-118.31,33.99,45,1489,339,791,316,2.2339,104800
-118.3,33.99,47,2637,588,1903,521,1.8317,96500
-118.3,33.99,47,2212,533,1903,554,1.9853,101100
-118.29,33.99,46,2198,530,2067,497,2.0542,103400
-118.28,33.99,52,1283,342,1363,329,2.5848,101900
-118.28,33.99,49,2174,481,1861,484,1.7159,95000
-118.32,34.01,52,3104,645,1498,581,2.6667,128000
-118.33,34.02,42,2043,378,869,416,3.5,181100
-118.33,34.01,43,2227,564,956,472,2.0217,187500
-118.33,34.01,44,2182,492,878,493,1.9631,181300
-118.33,34,47,825,187,416,173,2.3333,133300
-118.33,34,24,873,320,529,308,0.9304,151600
-118.32,33.99,43,2028,479,1074,394,2.5909,98700
-118.32,33.99,49,1407,269,889,283,1.9779,114200
-118.33,33.99,43,2224,550,1598,545,2.8274,122500
-118.34,33.99,46,1217,322,662,305,3.1731,140300
-118.32,33.98,46,1611,339,921,314,3.0833,103300
-118.33,33.98,28,3889,1199,3121,1046,1.8806,113900
-118.33,33.98,32,1784,489,1472,476,1.6477,108900
-118.32,33.97,52,1778,320,795,279,3.5114,138800
-118.32,33.98,49,1412,333,901,328,1.7067,118600
-118.33,33.98,30,3112,931,2739,841,1.6531,118500
-118.38,34.02,31,1893,450,819,426,4.3077,140600
-118.33,34.02,11,1249,313,625,336,0.8702,170500
-118.34,34.01,35,1359,359,655,341,2.5568,312500
-118.34,34.02,44,1527,246,608,245,4.0357,187800
-118.35,34.02,34,3978,1073,2725,1035,1.7622,167900
-118.35,34.02,27,3358,1069,2415,956,1.4589,87500
-118.35,34.01,35,3776,733,1583,749,3.5486,332100
-118.35,34,28,3085,621,1162,558,3.25,301000
-118.28,33.99,37,1971,513,1673,464,1.4625,103000
-118.29,33.99,39,979,235,857,236,2.5547,108900
-118.3,33.99,44,1458,326,1159,283,1.1645,98200
-118.3,33.99,43,1534,384,1231,329,2.5437,94500
-118.3,33.98,44,1597,388,902,321,1.9556,93300
-118.3,33.99,45,1701,452,1484,427,1.84,91400
-118.31,33.98,44,222,54,234,77,5.1136,111700
-118.31,33.99,49,857,196,694,228,2.895,108000
-118.31,33.98,52,1837,426,1062,343,2,96500
-118.31,33.98,52,1607,331,900,295,3.5982,96600
-118.29,33.98,48,1124,231,783,223,3.4444,93100
-118.3,33.98,48,2010,445,1208,404,1.6611,95800
-118.3,33.98,48,1998,410,1176,382,3.0455,102400
-118.29,33.98,42,2833,768,2542,725,1.3479,1e+05
-118.29,33.98,46,1118,300,786,254,1.4042,110000
-118.28,33.98,39,1306,345,1332,331,1.9564,92200
-118.28,33.98,47,865,193,782,217,2.2411,93000
-118.28,33.97,31,1068,271,1091,281,1.689,102600
-118.28,33.97,31,2017,566,2063,521,1.9219,107000
-118.28,33.97,35,2305,634,1978,568,1.375,1e+05
-118.29,33.97,43,2660,672,2133,588,1.7734,107300
-118.3,33.97,44,1521,289,1074,285,2.0673,99800
-118.3,33.97,42,944,200,567,190,2.6311,124100
-118.31,33.97,48,1541,314,819,312,3.0917,136100
-118.31,33.94,41,1353,286,751,250,2.7401,131700
-118.31,33.95,44,1558,333,1095,316,4.0043,133500
-118.31,33.94,43,2104,393,1132,394,3.0682,142000
-118.31,33.96,43,2118,569,1266,500,1.747,121000
-118.31,33.96,48,2015,356,1020,338,4.0625,138700
-118.29,33.97,48,3139,587,1319,506,3.5208,134200
-118.29,33.96,36,1717,417,902,368,1.4868,113200
-118.28,33.96,41,1175,340,1241,352,1.2273,98400
-118.28,33.96,34,2074,562,1913,514,1.6156,102100
-118.29,33.96,31,4022,1208,3707,1007,1.3096,116300
-118.31,33.96,52,2523,460,1167,413,3.0625,127400
-118.31,33.96,47,1586,322,1077,339,4.4861,140400
-118.26,33.99,30,1702,443,1966,442,1.5521,97500
-118.27,33.98,30,1966,584,2028,535,1.625,101500
-118.28,33.99,38,1454,323,1098,297,1.5109,104000
-118.27,33.99,41,656,162,730,170,1.8047,101800
-118.27,33.98,45,1696,424,1502,429,1.3042,99200
-118.27,33.98,39,2062,588,1933,570,1.3801,97000
-118.27,33.98,44,1722,457,2177,401,2.125,92500
-118.26,33.98,43,762,206,854,188,1.2315,98200
-118.28,33.97,40,2180,642,2464,631,1.5521,90100
-118.27,33.96,42,796,203,697,177,2.037,92600
-118.26,33.97,47,1504,374,1168,358,1.4625,94200
-118.27,33.96,38,1126,270,999,265,0.5495,91700
-118.27,33.95,39,1529,358,1154,357,1.2091,97900
-118.26,33.95,38,1387,346,1240,355,1.6898,95100
-118.26,33.95,44,1513,369,1088,344,1.2969,94400
-118.26,33.96,39,1542,375,1256,361,1.7167,1e+05
-118.28,33.96,42,1604,399,1581,387,1.7656,96700
-118.28,33.96,42,1206,304,1167,250,1.615,101300
-118.29,33.95,39,1701,428,1468,411,1.9702,93200
-118.27,33.95,35,2073,494,1753,490,1.5,93600
-118.27,33.95,43,1156,291,1074,299,1.8814,94900
-118.28,33.94,38,637,204,679,162,1.5714,89700
-118.28,33.95,41,835,208,707,192,1.4103,86200
-118.27,33.95,40,935,226,818,236,1.8798,101300
-118.27,33.95,34,1261,315,1027,303,2.2946,88800
-118.26,33.94,44,1103,265,760,247,1.6887,99600
-118.25,33.94,37,1002,270,1092,273,1.6333,94500
-118.26,33.94,41,1510,410,1408,389,1.65,94200
-118.27,33.94,38,1314,318,1080,285,1.5872,89800
-118.27,33.94,37,973,221,842,178,1.6645,94900
-118.27,33.93,36,1467,369,1247,347,1.8191,92700
-118.26,33.93,36,1102,247,702,225,1.5256,95400
-118.25,33.93,42,657,147,526,132,2.5,110200
-118.26,33.92,40,1076,244,705,255,1.7986,98900
-118.27,33.92,36,1465,346,1147,324,1.7262,88800
-118.27,33.94,43,1309,344,1182,340,1.6625,88700
-118.27,33.94,30,1764,397,1406,362,1.449,93100
-118.27,33.94,39,2078,561,1901,504,1.1468,96900
-118.28,33.93,21,847,278,1283,277,1.4329,94100
-118.28,33.94,32,1381,375,1268,354,1.1051,94200
-118.28,33.94,44,1631,338,1197,355,3.0788,1e+05
-118.29,33.94,47,1782,338,1003,329,2.5398,105700
-118.28,33.93,41,936,257,913,226,2.0313,122600
-118.29,33.92,40,1935,461,1616,433,2.875,120200
-118.28,33.92,39,1274,282,975,277,1.5114,90400
-118.28,33.93,52,117,33,74,45,0.4999,90600
-118.25,33.94,43,793,235,736,231,0.8527,90400
-118.23,33.95,37,2667,671,2865,683,0.6831,87500
-118.24,33.95,40,1193,280,1210,286,1.35,89500
-118.24,33.95,36,2316,543,1938,507,1.25,97400
-118.25,33.95,25,764,200,801,220,1.1384,1e+05
-118.24,33.94,37,869,241,1040,233,2,84200
-118.24,33.93,37,1027,258,824,248,1.5132,86300
-118.24,33.94,42,380,106,411,100,0.9705,90000
-118.24,33.94,39,1215,273,1211,265,1.7212,95500
-118.23,33.94,36,1110,307,1417,302,2.3333,92100
-118.23,33.93,36,501,123,487,118,1.3,87000
-118.46,34.05,25,4077,1151,1719,1017,3.7721,337500
-118.46,34.05,21,3639,1002,1489,983,4.6197,387500
-118.44,34.05,32,1880,435,798,417,4.7109,5e+05
-118.44,34.05,15,5368,1312,2269,1232,5.7097,316700
-118.43,34.05,24,3832,949,1613,893,3.9673,477300
-118.45,34.04,22,3319,1045,1848,940,3.6673,283300
-118.46,34.05,25,6902,2138,3136,1844,2.6509,410000
-118.46,34.04,19,3522,1036,1820,977,3.2663,337500
-118.46,34.04,25,2768,850,1558,784,3.6976,360000
-118.46,34.04,17,2729,897,1404,758,3.1235,420800
-118.45,34.04,21,2819,648,1435,593,3.9489,360200
-118.45,34.03,45,727,168,520,175,2.6528,3e+05
-118.45,34.03,39,1657,402,931,363,3.7813,336300
-118.44,34.04,49,32,7,14,7,2.1875,225000
-118.44,34.04,16,18,6,3,4,0.536,350000
-118.44,34.04,31,2670,662,1535,631,3.0714,347800
-118.43,34.04,52,1782,308,735,307,5.2954,485100
-118.42,34.04,46,1508,276,639,273,4.925,409800
-118.43,34.04,42,2725,569,1115,516,4.5833,427500
-118.39,34.05,35,2458,576,1047,554,4.0283,412500
-118.39,34.05,25,2814,701,1139,658,4.0153,460000
-118.39,34.04,44,1873,286,635,283,5.5951,461300
-118.38,34.04,31,2846,727,2120,672,2.7226,254200
-118.38,34.04,45,767,130,254,118,6.2895,340400
-118.38,34.04,36,3005,771,2054,758,2.0437,309100
-118.39,34.04,49,1230,279,669,269,3.9038,308300
-118.39,34.03,28,1722,536,1161,481,3.2228,232500
-118.39,34.03,25,3442,1050,1890,914,3.0574,319400
-118.4,34.03,24,1101,318,491,287,3.2222,319400
-118.4,34.03,43,1006,201,520,199,6.5669,372800
-118.4,34.02,19,7297,2331,3870,2144,3.116,3e+05
-118.4,34.02,27,515,201,397,228,2.4135,184400
-118.41,34.02,24,2610,756,1322,692,3.5022,281300
-118.41,34.02,16,5825,1866,3390,1752,3.0965,320000
-118.4,34.03,13,6152,1978,3397,1845,3.4058,275000
-118.39,34.03,39,1366,375,1237,370,3.7206,230900
-118.37,34.04,43,888,170,514,161,3.1827,202800
-118.37,34.04,42,1809,424,1094,382,2.767,143000
-118.38,34.03,43,912,255,705,246,2.6402,185700
-118.37,34.04,25,542,161,442,131,2.25,333300
-118.42,34.03,45,1262,223,637,221,5.0866,427300
-118.43,34.03,45,1740,311,788,306,5.2099,373600
-118.44,34.01,43,1408,246,651,240,4.5795,4e+05
-118.44,34.01,41,1309,221,534,228,5.1708,418800
-118.45,34.01,37,1328,250,626,228,5.8666,440100
-118.42,34.02,34,2243,444,973,413,4.9676,414100
-118.42,34.02,34,2995,942,2626,947,2.2402,450000
-118.41,34.02,34,1430,357,805,362,3.3462,307000
-118.41,34.02,19,4702,1472,2636,1334,3.3955,225000
-118.42,34.01,32,1300,356,703,311,3.5667,394000
-118.43,34.01,41,1527,279,746,285,6.4232,446600
-118.44,34,44,1462,338,821,341,2.599,362200
-118.45,34,39,1909,359,867,345,4.7,334700
-118.44,34,22,5822,1707,3335,1585,3.1579,243100
-118.44,34,41,1562,377,874,368,4.1083,324300
-118.42,34.01,42,1594,369,952,362,3.099,335400
-118.42,34.01,29,1996,489,960,449,3.6611,344200
-118.46,34.01,43,513,98,266,103,5.6428,343100
-118.46,34,39,4098,1100,2054,1053,2.918,345600
-118.46,34,37,388,83,248,84,5.1664,326700
-118.46,34.01,39,711,148,347,153,4.2813,297200
-118.47,34,41,2331,636,1839,537,2.288,263500
-118.46,34,39,614,174,538,159,2.3542,235700
-118.47,34,37,2586,765,1801,737,2.6042,305800
-118.47,33.99,31,1312,376,1178,330,2.0714,3e+05
-118.47,33.99,41,1146,310,833,270,2.5938,285000
-118.47,33.99,33,854,235,645,198,2.1471,239300
-118.48,33.99,46,2219,686,1107,590,2.5523,387500
-118.47,33.99,52,1523,447,636,408,3.0682,412500
-118.47,33.99,52,2167,622,1095,570,2.8514,358700
-118.47,33.99,37,2155,721,1082,637,3.4071,267500
-118.5,33.97,52,709,329,388,313,2.2643,350000
-118.45,33.99,52,1010,244,573,242,4.1861,363200
-118.46,33.99,52,1158,253,528,253,3.5234,334700
-118.46,33.99,44,1122,287,531,256,4.0598,335900
-118.46,34,44,941,230,493,206,3.6458,325800
-118.46,34,52,888,206,376,194,3.875,372000
-118.45,34,48,1923,408,1142,433,4.575,326700
-118.45,33.99,33,3125,785,1720,713,2.9722,325000
-118.45,33.99,52,1829,472,779,424,3.1607,339000
-118.46,33.99,41,885,285,562,268,3.1992,303800
-118.41,34,35,684,161,381,159,2.8393,272000
-118.41,34,18,1307,441,884,456,2.9338,276300
-118.42,34,14,3771,1180,2355,978,3.1603,287500
-118.42,33.99,23,5548,1245,2847,1229,4.4228,366900
-118.44,33.99,43,1432,308,782,303,4.3333,303900
-118.41,33.99,39,3014,822,3212,777,1.1985,215000
-118.42,33.99,38,740,171,599,194,4.0893,248900
-118.42,33.99,35,1724,419,1079,394,4.5521,263800
-118.4,33.99,39,1613,380,1113,356,2.825,276700
-118.39,33.96,45,1436,374,662,292,3.625,329400
-118.36,33.98,40,1113,234,584,231,3.0927,316000
-118.41,33.97,37,1629,275,668,266,6.1333,387200
-118.4,33.96,44,1877,314,877,320,6.8197,363600
-118.41,33.96,44,1802,306,753,282,6.0286,356000
-118.41,33.97,43,1464,224,581,232,6.2022,365900
-118.42,33.97,44,1462,240,562,237,4.9375,365200
-118.42,33.96,44,1282,216,494,209,5.618,365900
-118.43,33.96,38,1104,216,415,163,6.1985,422000
-118.4,33.97,35,913,161,451,172,5.6169,411200
-118.4,33.98,39,714,118,314,117,5.9856,432100
-118.4,33.98,36,2526,452,996,441,5.611,456600
-118.4,33.97,38,1089,174,502,180,7.5953,434800
-118.4,33.97,44,2825,453,1221,461,5.9544,377200
-118.4,33.96,43,2416,454,1028,409,5.6732,330700
-118.38,33.97,42,1859,337,813,326,6.019,294500
-118.38,33.95,35,3259,967,2003,920,3.2708,4e+05
-118.37,33.95,5,6955,2062,3591,1566,3.111,247600
-118.4,33.96,44,1138,228,497,228,4.1852,303300
-118.41,33.96,15,412,128,310,137,3.9792,266700
-118.41,33.94,45,2038,394,1086,387,4.7375,289600
-118.28,33.92,37,1761,409,1309,357,2.1875,175900
-118.29,33.91,31,2025,618,2231,593,2.4741,151200
-118.29,33.92,23,2503,532,1735,505,2.7368,162800
-118.29,33.88,32,2307,493,1754,528,4.317,232800
-118.29,33.88,27,2082,612,2009,548,2.9063,184100
-118.3,33.86,35,1511,274,853,308,4.9792,251300
-118.31,33.84,5,3559,869,2965,794,2.6491,216700
-118.3,33.84,37,1241,226,621,255,4.9196,232400
-118.3,33.85,38,123,36,142,40,2.3942,2e+05
-118.31,33.83,27,2880,802,2083,727,2.9619,223400
-118.3,33.82,25,2659,765,2629,726,2.6368,175900
-118.3,33.81,17,5544,1068,3008,1038,5.322,282700
-118.3,33.8,27,2790,513,1498,519,5.3106,268300
-118.3,33.79,35,2793,686,2255,682,3.0057,235300
-118.3,33.79,9,2782,884,1790,748,2.9154,203300
-118.25,33.8,36,1697,394,1274,396,3.35,163100
-118.26,33.79,30,1291,230,835,215,5.5,181500
-118.24,33.8,28,636,169,788,143,3.6161,131300
-118.23,33.8,26,239,135,165,112,1.3333,187500
-118.27,33.79,36,2218,561,1789,527,3.1613,182300
-118.27,33.79,39,1513,365,1227,354,3.3929,184600
-118.28,33.79,28,1895,420,1422,389,4.3816,191300
-118.28,33.78,20,2233,591,1915,558,3.2011,169100
-118.29,33.79,16,1867,571,951,498,3.3427,154200
-118.26,33.78,27,1672,491,1723,462,2.0458,174500
-118.27,33.79,39,1417,359,1450,367,2.8462,172000
-118.25,33.79,38,1730,460,1724,424,2.7308,150400
-118.25,33.79,39,981,286,1183,298,1.9208,139800
-118.26,33.79,42,1162,264,1044,241,3.5488,205600
-118.26,33.78,35,1239,473,1524,387,2.0956,154700
-118.27,33.77,26,2272,694,2567,595,1.9964,150600
-118.28,33.77,47,307,69,374,65,2.9063,146900
-118.28,33.75,18,393,189,429,188,1.8393,187500
-118.28,33.74,40,1751,512,1939,503,1.5394,2e+05
-118.28,33.75,21,2442,719,1916,646,1.2276,208300
-118.28,33.74,16,855,271,486,250,0.7591,350000
-118.3,33.75,48,1958,386,1098,380,4.625,273400
-118.31,33.74,36,2464,472,1111,457,4.5074,350000
-118.31,33.74,22,5042,974,2260,935,4.3472,351200
-118.3,33.75,23,1957,517,1454,526,3.5056,203100
-118.29,33.75,37,1319,292,766,285,2.7031,218900
-118.29,33.74,29,1503,411,1368,390,2.1473,195300
-118.29,33.74,41,1382,361,905,344,2.75,238300
-118.29,33.73,43,1854,519,1151,486,2.5759,225000
-118.3,33.74,23,3075,860,1584,806,2.9386,260500
-118.31,33.73,36,1725,295,799,306,5.0874,368500
-118.3,33.74,20,2625,673,1184,606,3.9167,285200
-118.31,33.73,52,2025,361,957,363,4.2059,350000
-118.28,33.73,52,2085,588,1767,516,2.1935,243200
-118.29,33.72,25,2469,584,1253,535,3.1932,257500
-118.3,33.72,28,2647,658,1459,595,3.4474,253400
-118.3,33.72,28,2510,583,1388,554,3.3397,267800
-118.3,33.73,40,2582,606,1304,588,3.5694,276400
-118.33,33.69,41,2168,357,1171,374,4.7216,311900
-118.31,33.73,33,2265,366,986,388,5.4533,409800
-118.33,33.72,25,6191,1081,2297,1023,6.4246,446700
-118.29,33.71,36,3135,746,1815,697,3.7596,3e+05
-118.31,33.67,42,1297,246,611,242,5.3074,401900
-118.3,33.72,35,2790,447,1167,441,6.2028,361500
-118.29,33.71,40,1933,475,902,412,4.25,332800
-118.29,33.71,31,2809,666,1316,633,4.5606,303800
-118.23,34.24,31,3857,607,1695,572,7.642,396400
-118.23,34.23,34,2377,362,1055,362,6,367100
-118.24,34.24,31,3812,595,1645,591,7.585,380100
-118.25,34.23,34,2421,475,1232,454,4.6852,296200
-118.26,34.24,35,1535,283,816,287,6.1873,312100
-118.26,34.24,35,2485,418,1226,406,5.7083,329500
-118.26,34.24,42,890,179,555,200,4.4821,271900
-118.25,34.23,41,1979,496,1157,459,4.4083,217700
-118.25,34.22,30,2062,396,1089,375,5.5362,301200
-118.26,34.23,38,1107,194,518,195,7.5582,263700
-118.23,34.21,36,2988,719,1357,657,3.5174,268000
-118.23,34.21,32,1464,406,693,380,2.5463,2e+05
-118.24,34.22,34,1722,406,926,371,4.1523,252000
-118.23,34.2,51,1477,280,750,295,5.3925,317900
-118.23,34.2,48,1473,294,807,296,3.399,306300
-118.24,34.2,41,2067,452,1282,455,5.5756,309900
-118.24,34.22,36,2507,517,1232,470,5.529,241300
-118.27,34.22,34,8206,1186,3141,1150,7.2812,462200
-118.23,34.18,47,1853,345,757,310,3.6875,422000
-118.23,34.18,43,1708,280,768,276,6.207,457400
-118.22,34.19,31,4704,920,1895,886,4.9297,4e+05
-118.22,34.19,36,2443,492,1115,493,3.9777,409800
-118.23,34.17,37,4524,1005,2099,937,3.5781,366700
-118.21,34.17,24,8590,1231,3401,1178,8.1325,472700
-118.21,34.16,25,434,74,199,75,5.9199,420500
-118.23,34.16,31,3105,582,1359,547,5.1718,429100
-118.23,34.15,26,1649,522,1332,483,3.1004,257100
-118.24,34.16,52,2187,284,733,274,9.5823,406200
-118.25,34.16,52,2477,385,993,371,4.9135,368100
-118.25,34.17,52,1532,292,631,275,5.1242,372900
-118.25,34.16,24,5131,1436,2690,1371,2.5668,280000
-118.27,34.17,48,1560,280,825,269,5.5118,354700
-118.28,34.17,52,2332,433,1135,440,5.5658,331200
-118.27,34.17,52,2010,286,908,326,6.9135,374000
-118.28,34.18,50,2195,336,878,309,6.884,365600
-118.28,34.17,22,2664,651,1553,629,3.6354,256300
-118.29,34.17,52,1732,305,875,311,4.325,292600
-118.29,34.18,10,4292,1075,2719,987,3.6974,286600
-118.29,34.16,31,1262,338,1019,332,3.7083,241900
-118.29,34.16,42,413,107,349,107,4.3438,189800
-118.29,34.17,12,2238,682,1882,611,2.9,208300
-118.3,34.17,17,4041,1169,3309,1117,2.6016,222400
-118.3,34.17,30,48,14,74,16,5.0056,162500
-118.3,34.16,35,3213,874,2401,819,2.8342,256800
-118.27,34.16,47,1453,356,787,345,3.0114,255500
-118.27,34.15,25,3018,806,2205,742,3.0199,220200
-118.27,34.15,14,1744,536,1494,531,3.2171,230800
-118.27,34.16,48,1301,253,637,260,4.3438,252700
-118.28,34.16,49,1393,290,605,282,2.9491,257400
-118.26,34.16,18,1775,525,950,522,3.5417,177100
-118.26,34.15,6,3340,945,2315,846,2.8884,252300
-118.26,34.15,18,2481,756,1763,675,2.8088,247500
-118.25,34.15,15,3712,1005,1888,890,3.6875,209600
-118.24,34.15,17,5282,1605,4116,1574,3.052,209800
-118.24,34.15,19,4852,1465,3171,1332,2.5924,192900
-118.25,34.15,31,1238,338,605,331,2.8478,228100
-118.24,34.14,20,3196,994,2929,983,3.0206,219500
-118.23,34.15,19,2294,716,1686,680,3.0288,258300
-118.23,34.14,25,2864,844,1745,803,2.9167,224300
-118.24,34.14,28,1843,554,1402,512,2.462,254000
-118.24,34.13,37,1644,395,959,383,3.3636,257700
-118.24,34.13,45,2170,401,1043,394,5.6921,269000
-118.24,34.15,7,2063,670,1892,643,1.7301,202300
-118.25,34.14,37,584,260,552,235,1.8235,275000
-118.27,34.14,10,1060,332,1025,288,3.0074,175000
-118.27,34.15,7,2837,776,2287,736,3.008,229000
-118.26,34.13,37,1383,470,1185,451,2.5,207100
-118.25,34.14,25,5980,1856,5217,1772,2.506,184500
-118.25,34.13,22,2340,773,2226,754,2.5417,217500
-118.25,34.12,21,739,265,861,246,2.4856,181300
-118.29,34.18,36,3120,620,1441,612,3.9041,320400
-118.3,34.19,14,3615,913,1924,852,3.5083,280900
-118.31,34.19,27,4713,1169,2372,1077,3.7015,287900
-118.31,34.2,36,1692,263,778,278,5.0865,349600
-118.32,34.2,36,2110,346,984,342,6.9909,345300
-118.32,34.2,36,759,136,372,135,4.9886,328900
-118.33,34.2,43,2322,418,1106,433,4.3631,284600
-118.34,34.2,41,2860,682,1516,621,3.0431,262900
-118.32,34.2,29,2209,444,952,403,4.375,341200
-118.32,34.19,37,1335,249,485,240,4.1731,352100
-118.31,34.19,42,724,149,420,150,3.0625,361700
-118.32,34.19,37,589,119,375,122,3.3897,222700
-118.33,34.2,23,7179,1985,4757,1924,3.1051,206500
-118.3,34.18,5,5492,1549,2997,1405,3.3205,172100
-118.31,34.18,11,3112,890,1700,851,3.1587,181300
-118.32,34.18,44,1594,389,832,340,3.4,212100
-118.32,34.17,39,1995,564,1202,544,3.5875,250000
-118.33,34.19,46,2115,463,1133,439,3.7344,222000
-118.33,34.18,45,1552,315,785,316,3.7411,235500
-118.33,34.18,49,1969,377,977,367,3.8462,231300
-118.33,34.18,48,2122,385,926,362,5.6975,231400
-118.34,34.19,43,1029,252,613,255,2.6827,219900
-118.34,34.19,47,1721,343,834,334,4.1923,231200
-118.34,34.18,45,3046,633,1448,599,3.24,226900
-118.35,34.18,46,2711,491,1277,490,4.282,224700
-118.35,34.17,44,2572,613,1280,570,3.5583,232000
-118.35,34.17,42,1604,326,814,329,4.4408,216000
-118.34,34.18,45,1328,290,720,289,3.875,226900
-118.34,34.18,45,3566,701,1601,653,3.8668,232000
-118.35,34.16,42,2267,478,1083,458,3.2015,250000
-118.35,34.16,45,1390,281,538,270,4.2212,293800
-118.34,34.16,46,1396,294,608,246,3.692,244500
-118.34,34.15,16,1586,377,625,344,4.0893,450000
-118.32,34.17,45,3448,690,1562,643,4.0648,258800
-118.31,34.16,38,2347,665,1317,547,3.2112,349300
-118.32,34.17,40,1868,356,799,403,2.9306,279300
-118.43,34.3,37,1394,313,1111,327,3.6023,161800
-118.43,34.29,39,1769,410,1499,390,3.1212,153500
-118.42,34.29,34,1489,326,1389,313,3.4821,160300
-118.43,34.3,28,271,61,246,62,1.7062,164600
-118.44,34.29,35,2606,447,1555,404,4.6864,193800
-118.43,34.29,38,1237,298,1073,293,3.6726,154600
-118.45,34.29,30,762,228,840,226,2.3375,154200
-118.44,34.28,46,11,11,24,13,2.875,162500
-118.44,34.28,47,843,194,800,180,3.3687,151700
-117.78,34.13,18,7798,1161,3710,1227,5.8819,260500
-117.8,34.11,25,5039,821,2654,802,4.7969,211700
-117.8,34.1,17,5153,1164,2949,1083,3.5603,174600
-117.8,34.1,13,2996,495,1187,464,6.2456,161700
-117.83,34.14,26,8254,1153,3460,1131,6.5253,349900
-117.82,34.13,27,3770,573,1606,562,6.1321,309700
-117.84,34.13,26,3773,694,2103,688,4.6937,198000
-117.93,34.15,14,9610,2005,4723,1907,4.0393,156800
-117.9,34.15,21,2056,461,1332,429,3.3942,212800
-117.9,34.14,29,2240,457,1187,407,3.8365,184200
-117.9,34.14,35,2259,505,1561,509,3.3043,155500
-117.91,34.14,42,2225,485,1544,464,2.2442,166700
-117.85,34.14,35,1582,248,654,221,4.9091,275000
-117.86,34.14,33,2344,363,1098,359,6.2089,283400
-117.87,34.15,37,2655,415,1056,401,5.4224,269500
-117.85,34.13,31,1959,318,1021,303,4.3145,233000
-117.86,34.13,33,2383,428,1269,421,4.636,245500
-117.86,34.13,40,1304,280,607,256,2.588,209500
-117.86,34.13,29,630,145,378,148,3.4107,170800
-117.87,34.13,32,1741,373,872,333,3.4219,194500
-117.87,34.13,29,1677,413,873,400,3.12,194300
-117.84,34.12,25,3465,566,1722,536,4.8304,228900
-117.83,34.11,29,2671,437,1484,445,4.9844,203000
-117.84,34.12,34,2026,345,1142,332,4.392,187600
-117.85,34.11,25,9255,1659,4944,1627,4.5708,223000
-117.81,34.1,19,1935,399,1126,389,3.8929,144600
-117.78,34.09,32,2643,516,1862,478,3.7177,177200
-117.79,34.1,26,1664,344,1024,339,3.5192,190500
-117.76,34.12,16,9020,1509,3575,1486,4.2415,275700
-117.76,34.11,22,4935,954,2874,938,3.9825,180500
-117.78,34.11,23,7079,1381,3205,1327,3.0735,212300
-117.75,34.12,25,5411,998,2243,1019,4.3148,240700
-117.74,34.1,26,2723,604,1847,498,2.6779,136000
-117.74,34.1,29,2742,488,2477,532,3.5072,121900
-117.73,34.12,26,6459,894,2487,885,6.2089,261800
-117.72,34.09,33,4979,934,2575,874,3.7958,152500
-117.73,34.09,36,1543,297,1355,303,3.5313,117800
-117.75,34.08,33,2824,523,1797,493,3.6359,135100
-117.75,34.08,33,1067,194,600,201,4.0368,139100
-117.77,34.08,27,5929,932,2817,828,6.0434,214800
-117.77,34.07,36,2922,652,2392,629,2.8661,124000
-117.77,34.07,29,2976,662,2452,633,3.0638,113600
-117.76,34.07,51,1538,394,1173,388,2.3156,109800
-117.76,34.07,48,1157,247,677,218,2.8594,127200
-117.76,34.06,33,1831,486,1625,472,1.9937,103600
-117.76,34.06,47,508,108,384,86,1.9583,92600
-117.77,34.06,27,2178,629,2379,591,1.9766,108000
-117.79,34.07,33,1694,333,1689,301,3.7583,116300
-117.79,34.07,34,975,192,870,183,3.7933,116100
-117.8,34.06,34,1081,205,1325,252,3.6298,108500
-117.75,34.05,35,1293,339,1494,312,1.6645,93300
-117.76,34.05,36,3839,1004,4711,942,2.3859,116200
-117.74,34.07,42,2504,553,1550,509,3.0294,135700
-117.75,34.07,52,1279,213,444,204,5.2269,161000
-117.72,34.07,33,4100,740,2580,730,3.7321,134200
-117.73,34.08,28,5173,1069,3502,954,3.8438,130800
-117.73,34.07,34,4038,725,2716,759,4.1339,135000
-117.73,34.06,51,498,115,368,112,1.4063,98800
-117.73,34.05,28,2758,771,2877,694,2.0734,113300
-117.74,34.05,30,1185,317,1466,302,2.625,94300
-117.75,34.05,46,1480,358,1511,348,1.9718,110600
-117.73,34.04,26,3827,814,3367,810,3.15,129700
-117.73,34.03,42,1967,378,1459,348,3.0375,118100
-117.74,34.02,33,2318,464,1904,451,3.7454,116400
-117.74,34.04,27,2215,440,1987,449,3.0429,129600
-117.85,34,26,2712,402,1389,377,5.6513,227900
-117.8,34.03,25,4240,643,1885,637,6.2384,247600
-117.83,34.01,16,9446,1650,4911,1534,5.0111,212900
-117.8,34.02,23,3351,591,1535,522,5.0869,230600
-117.81,34.01,12,9197,1642,4332,1554,4.9589,282100
-117.87,34.04,7,27700,4179,15037,4072,6.6288,339700
-117.87,34.02,16,3552,575,2120,573,6.4333,271500
-117.84,34.04,4,9959,1544,4904,1429,6.9754,402500
-117.85,34.06,24,3128,497,1406,472,7.5286,462700
-117.86,34.09,29,3855,585,2205,609,5.5496,218200
-117.86,34.09,26,3408,542,1664,543,6.1498,239100
-117.87,34.1,25,2208,477,1084,424,3.775,191700
-117.87,34.09,31,1484,327,927,317,3.6484,189600
-117.88,34.1,32,3357,621,1696,604,4.2685,216600
-117.89,34.09,36,1811,320,1005,332,5.5629,188300
-117.88,34.09,29,3416,790,2223,728,3.5109,186000
-117.86,34.1,29,1185,197,588,196,5.0832,196900
-117.87,34.1,15,6409,1363,3359,1267,3.875,173300
-117.84,34.1,17,7836,1624,4419,1526,3.8465,180700
-117.88,34.12,34,912,165,522,150,4.0417,178000
-117.87,34.11,23,4066,819,2105,737,4.6556,199600
-117.87,34.11,34,1324,211,799,228,4.5234,192200
-117.89,34.12,35,1470,241,885,246,4.9239,168800
-117.89,34.11,36,806,147,446,153,4.5221,151300
-117.88,34.11,18,2923,670,1751,656,3.2383,157000
-117.89,34.11,27,2434,535,1623,498,3.6875,140200
-117.9,34.11,37,1286,255,1047,249,4.2019,140100
-117.89,34.13,34,2159,386,1443,385,4.1995,147400
-117.9,34.13,32,1640,391,1312,358,2.6292,136100
-117.9,34.12,33,1788,456,1787,361,2.6629,124100
-117.9,34.12,35,957,194,804,221,3.3322,151400
-117.91,34.13,34,1540,328,1037,317,2.2132,138500
-117.92,34.13,42,1762,398,1526,365,2.8643,132600
-117.92,34.12,32,2552,576,2161,548,2.9459,144400
-117.9,34.11,23,4776,1316,4797,1187,2.1667,142600
-117.92,34.11,24,2838,695,2151,645,3.2202,126200
-117.94,34.1,31,1239,254,929,244,3.3625,153400
-117.97,34.11,18,123,28,121,26,3.0417,137500
-117.98,34.07,15,3543,888,3131,823,3.0184,139400
-117.99,34.06,32,2491,616,2660,595,2.564,145800
-117.99,34.07,35,1681,360,1648,373,2.4911,145900
-117.99,34.08,35,1032,207,954,191,2.8906,134800
-117.97,34.08,8,2027,480,1781,447,3.0806,142400
-117.98,34.08,17,3640,830,3537,807,3.4784,152200
-117.96,34.1,35,4036,904,3878,846,3.2957,141600
-117.97,34.1,26,1399,277,1285,276,4,160100
-117.96,34.09,30,2686,613,2477,573,3.4427,160800
-117.97,34.09,31,2779,639,2259,670,3.4032,143400
-117.95,34.09,21,2215,484,1792,419,2.8375,166500
-117.94,34.08,32,2704,514,1669,497,4.4653,195400
-117.94,34.08,35,2393,417,1336,418,4.87,187700
-117.93,34.09,35,782,153,499,163,4.2062,161300
-117.93,34.09,35,1891,353,1093,382,4.0167,165500
-117.93,34.09,37,1185,225,769,235,4.4625,154200
-117.93,34.08,36,1371,246,806,241,4.5078,187100
-117.93,34.08,35,689,128,379,128,3.9583,206000
-117.93,34.08,36,1597,285,901,272,4.3947,197000
-117.91,34.08,33,2325,452,1170,445,3.6625,217100
-117.92,34.08,35,1860,323,1011,305,3.5536,207000
-117.92,34.08,35,1897,311,965,323,5.7039,199400
-117.91,34.09,20,4327,1037,2296,963,3.0441,185400
-117.9,34.1,31,3007,653,1766,616,3.7083,166000
-117.91,34.1,35,2746,478,1779,501,4.25,166700
-117.89,34.09,37,1813,394,1100,375,3.4453,176700
-117.9,34.09,39,1726,333,892,335,4.3409,191800
-117.88,34.08,30,6132,1538,3147,1449,2.7763,187800
-117.89,34.08,35,1711,335,825,356,3.5,215600
-117.89,34.07,32,2374,450,1580,427,3.8837,200300
-117.9,34.08,32,5482,1251,3426,1117,3.2943,204400
-117.9,34.06,33,1701,290,831,275,5.4469,274700
-117.89,34.07,35,1439,261,804,271,3.9808,188600
-117.9,34.06,34,2956,469,1488,464,5.3664,268300
-117.9,34.07,36,1009,164,466,149,5.8519,249400
-117.91,34.07,33,2938,561,1519,549,4.5594,204200
-117.92,34.07,29,1699,399,1052,411,3.2122,195500
-117.91,34.06,29,3250,521,1382,513,5.112,218300
-117.91,34.05,35,3189,527,1727,500,5.0758,211100
-117.92,34.06,35,2894,467,1420,479,5.184,224900
-117.92,34.07,38,175,22,129,20,9.7066,182500
-117.93,34.06,28,3342,688,2210,647,3.4596,202800
-117.94,34.06,32,3418,662,2003,622,4.0333,210200
-117.94,34.06,34,1921,422,1230,447,3.6648,193900
-117.94,34.07,25,1814,404,1187,363,3.3523,170800
-117.95,34.07,37,1375,260,951,272,3.2083,195200
-117.96,34.06,34,2226,381,1464,365,4.4102,183200
-117.97,34.06,34,3580,684,2786,636,4.0469,166800
-117.98,34.06,33,1353,228,1079,237,4.5417,160300
-117.97,34.06,31,2516,526,2194,497,3.2413,155500
-117.98,34.06,36,2391,407,1967,398,4.0274,160700
-117.98,34.05,35,2342,426,2176,416,3.7454,156900
-117.97,34.05,36,931,160,746,201,3.1667,158000
-117.97,34.05,34,2050,495,1832,465,2.8333,155700
-117.97,34.04,32,1507,295,1326,324,4.119,163300
-117.97,34.04,28,1686,417,1355,388,2.5192,157300
-117.96,34.03,35,2093,407,1755,403,3.4115,150400
-117.95,34.03,35,804,159,727,179,2.7361,145700
-117.96,34.05,35,1254,263,1092,268,4.6364,163100
-117.96,34.05,36,1475,270,1149,284,3.0904,158600
-117.95,34.05,35,1309,276,1113,253,4.375,156500
-117.95,34.04,36,1044,200,982,205,4.7679,153900
-117.96,34.04,34,1381,265,1020,268,4.025,146900
-117.96,34.05,32,1993,388,1385,380,3.7258,181900
-117.94,34.05,34,1729,324,1341,324,3.7708,163500
-117.94,34.04,34,1403,274,977,257,3.8409,163000
-117.94,34.05,34,1519,304,1262,300,3.3409,161200
-117.95,34.05,31,2349,539,2028,521,3.494,154500
-117.94,34.04,33,1493,331,1571,354,3.8864,158900
-117.95,34.03,33,1782,394,1517,376,3.3389,157900
-117.94,34.02,27,5026,955,3899,930,3.871,162900
-117.95,34.02,19,1129,258,900,228,3.875,135600
-117.92,34.03,35,1341,233,898,216,4.1118,157300
-117.92,34.03,32,1819,375,1728,375,3.975,162400
-117.93,34.04,23,6361,1168,4580,1109,4.9342,181000
-117.9,34.04,15,11989,2185,6652,2081,4.5554,278300
-117.91,34.04,15,8749,1761,5278,1691,4.6324,168800
-117.88,34.01,16,6756,1332,4429,1299,4.7589,178200
-117.89,34.01,23,4535,955,3881,930,3.6275,154100
-117.9,34.02,15,14058,2486,8997,2497,5.0704,226200
-117.91,34.02,22,6269,1279,5587,1251,3.8201,136200
-117.92,34.01,35,3055,634,3738,615,3.375,127200
-117.96,34.02,33,349,124,460,83,2.375,133300
-117.98,34.03,21,797,162,484,166,2.625,191100
-117.88,34,32,265,51,170,50,3.9375,187500
-117.87,33.99,21,2837,515,2031,555,4.9271,209700
-118.01,34.05,37,682,172,813,173,3.8125,138000
-118.02,34.04,27,5640,1001,3538,978,5.065,215400
-118,34.03,25,6909,1154,3912,1121,5.257,226100
-117.98,34.02,33,3512,632,1971,598,4.4653,193200
-117.98,34.01,27,2643,418,1344,381,5.7057,262100
-117.99,34,26,2988,397,1371,415,6.6988,382500
-118.02,34.02,21,5992,986,2647,969,5.2405,302400
-117.98,34,22,3632,538,1968,566,6.019,324900
-117.99,33.98,18,8399,1144,3727,1107,6.9695,360400
-117.96,34,33,5462,952,3527,914,4.4038,186700
-117.92,33.98,10,16414,2919,8907,2714,6.1552,362500
-117.95,33.99,24,1219,177,610,185,6.7978,325000
-117.95,33.99,25,1075,138,451,132,6.8492,332200
-117.96,33.99,25,1348,210,660,200,5.2852,297600
-117.96,33.99,25,2799,388,1348,389,6.2517,311100
-117.96,33.98,25,1259,184,599,170,5.7407,302200
-117.88,33.96,16,19059,3079,10988,3061,5.5469,265200
-117.89,33.98,5,3088,711,1415,641,2.5125,184500
-117.9,33.98,20,9893,2283,7228,2159,3.253,186700
-117.9,33.97,23,7353,1255,4014,1124,5.4155,213200
-117.74,34.06,4,1391,506,727,369,1.4722,137500
-117.75,34.05,27,437,108,469,97,1.7206,107500
-117.75,34.05,37,378,92,503,103,2.1908,94600
-117.75,34.06,52,24,6,46,7,1.625,67500
-117.95,34.14,13,3859,710,2283,759,4.5594,184500
-117.95,34.14,33,1943,440,1526,353,3.038,137500
-117.96,34.14,33,1994,405,993,403,3.766,163900
-117.97,34.14,15,3595,964,1839,877,2.6014,150300
-117.97,34.14,33,1328,348,903,329,3.1094,136000
-117.98,34.14,24,1596,388,1329,352,3.0417,148000
-117.98,34.13,37,1447,309,1279,290,4.0083,142900
-117.98,34.13,29,2110,460,1890,448,3.6806,130500
-117.97,34.17,35,5005,848,2112,813,4.9968,295000
-118,34.16,42,1020,156,398,157,6.101,311800
-117.99,34.18,38,2981,432,1063,437,6.5254,365000
-117.99,34.16,40,3838,696,1851,674,4.2407,262000
-118,34.16,52,1354,227,531,206,4.8059,270600
-118.02,34.15,44,2419,437,1045,432,3.875,280800
-118.02,34.15,44,2267,426,980,372,3.6,307400
-118.05,34.17,45,2535,455,1036,437,5.0482,388900
-118.04,34.17,52,1885,401,764,373,4.0385,265700
-118.04,34.18,37,3134,532,1220,508,5.2865,455400
-118.04,34.16,38,1594,249,633,247,5.9582,350700
-118.05,34.16,36,3908,732,1688,725,4.5625,376800
-118.06,34.16,46,1467,298,816,267,3.6705,286500
-118.06,34.16,34,2297,419,909,412,4.8214,362500
-118.06,34.13,40,4307,918,1769,845,3.6341,391500
-118.03,34.14,44,1446,250,721,243,4.7308,352200
-118.04,34.13,22,3359,643,1227,588,4.645,276200
-118.06,34.13,28,12139,2873,5359,2731,3.292,227300
-118.02,34.14,34,1077,257,478,199,2.6316,252800
-118.02,34.13,32,3308,718,1803,667,3.9464,273600
-118.03,34.13,33,2352,373,995,359,4.9583,445700
-118.02,34.11,35,2454,458,1110,435,3.8029,414800
-118.02,34.12,38,1778,288,870,281,6.5784,408500
-118,34.13,35,1005,224,742,221,3.5481,158100
-117.99,34.13,37,1568,371,1618,350,2.9605,129400
-117.99,34.12,35,1040,231,1040,242,2.5395,139200
-118,34.12,37,1340,325,928,333,3.9219,175000
-118.01,34.13,38,3374,671,1906,640,4.0729,212300
-118.01,34.12,32,1937,332,922,340,3.94,278400
-118.01,34.11,43,1858,345,1054,329,3.5625,211600
-118.02,34.1,36,1928,361,1008,368,4.733,233700
-118.02,34.1,36,452,80,248,83,1.9688,226000
-118.03,34.1,31,2647,539,1473,520,3.94,223900
-118.04,34.11,44,773,120,405,121,5,447100
-118.04,34.13,39,2485,382,1072,342,6.0878,430200
-118.05,34.12,20,5218,959,2302,850,3.55,476700
-118.06,34.12,25,3891,848,1848,759,3.6639,248100
-118.06,34.12,34,2941,558,1660,576,4.5667,271500
-118.05,34.11,48,1410,304,677,274,3.2596,272400
-118.05,34.1,36,1606,318,889,294,4.7931,272600
-118.06,34.09,38,2036,388,1096,371,4.0625,262500
-118.06,34.1,38,1960,330,874,308,4.8594,265900
-118.08,34.09,34,1823,457,1485,401,3.7222,207200
-118.08,34.09,32,3214,718,2316,751,3.7066,206800
-118.04,34.08,35,1148,258,975,253,4.037,173300
-118.05,34.09,23,602,135,409,123,3.5268,146400
-118.02,34.09,32,1747,399,1199,402,3.4286,191800
-118.02,34.08,29,2741,667,2449,677,3.6944,175200
-118.03,34.09,29,1219,338,1152,323,2.8029,180900
-118.03,34.08,32,1780,484,1732,454,2.4464,169600
-118,34.1,34,2249,460,1544,441,3.4005,176300
-118.01,34.09,29,3402,747,2331,690,3.6094,179200
-118,34.08,29,2003,401,1520,364,3.994,195300
-118.01,34.08,35,1852,358,1414,347,4.275,173600
-118.04,34.07,52,177,59,269,75,2.3611,131300
-118.05,34.08,25,4909,1422,4983,1293,2.7254,143500
-118.06,34.08,37,778,205,850,198,2.5119,180500
-118.06,34.08,34,1197,260,942,245,3.4202,189100
-118.06,34.08,42,1988,402,1239,402,3.2569,201500
-118.07,34.08,38,2462,553,1843,538,3.2312,211900
-118.07,34.07,19,1554,393,1427,370,3.125,207100
-118.04,34.07,39,1382,315,1090,308,3.8125,174000
-118.01,34.07,24,5684,1485,6626,1481,2.2559,166800
-118.03,34.06,31,1513,389,1396,364,2.4706,170600
-118.03,34.06,24,2343,834,3537,824,2.1094,135200
-118.03,34.06,27,2510,783,3481,726,2.4875,157800
-118.04,34.06,31,957,295,1300,287,2.1383,153400
-118.04,34.06,30,2019,551,2481,484,3.1875,154200
-118.05,34.06,32,2286,654,2991,655,2.1781,174500
-118.05,34.06,25,1022,291,1570,297,3.023,142000
-118.06,34.06,28,2127,625,3160,620,2.5763,173900
-118.07,34.07,31,1370,284,1062,277,3.5156,199300
-118.06,34.04,28,1516,363,1011,344,2.6288,160300
-118.03,34.06,24,2469,731,3818,712,2.5445,151400
-118.04,34.05,34,1058,230,1043,229,3.0536,137500
-118.04,34.04,32,1619,323,1492,342,3.5,165100
-118.06,34.03,36,21,7,21,9,2.375,175000
-118.02,34.06,26,2929,970,3792,817,2.2577,173800
-118.02,34.05,34,1610,513,2050,508,2.5562,156300
-118.02,34.05,33,2464,627,2932,568,3.0625,165800
-118.02,34.04,28,6175,1449,5041,1408,2.8821,158100
-118.07,34.17,36,2415,394,1215,413,5.5418,326100
-118.1,34.18,39,2321,336,880,339,7.7108,450000
-118.12,34.19,52,2405,299,970,319,8.7835,444100
-118.11,34.2,36,4915,725,1897,700,6.827,359400
-118.13,34.19,48,2539,425,930,364,4.7269,303900
-118.14,34.2,39,2569,426,1282,432,5.0953,207400
-118.15,34.2,46,1505,261,857,269,4.5,184200
-118.15,34.21,34,2765,515,1422,438,5.4727,238900
-118.16,34.19,40,1840,358,1218,347,4.25,177900
-118.18,34.2,44,1473,250,668,239,8.72,415900
-118.19,34.2,41,2031,294,859,302,7.419,483700
-118.2,34.21,42,1493,237,665,224,6.7571,443900
-118.23,34.22,37,1376,237,618,226,5.9771,431800
-118.16,34.17,52,1193,228,703,221,3.1741,163800
-118.16,34.19,42,2076,462,1641,436,2.2326,149200
-118.17,34.19,45,1790,316,1035,312,4.0985,173100
-118.14,34.18,47,3457,622,1700,579,3.5164,226500
-118.12,34.18,44,2357,342,891,337,6.3467,352700
-118.1,34.17,46,1774,315,753,330,4.7241,279600
-118.13,34.18,52,1464,211,603,226,5.8309,309100
-118.12,34.17,52,1835,330,777,317,3.7159,315400
-118.13,34.17,52,1784,368,966,345,3.6094,261500
-118.14,34.18,52,1700,317,996,329,3.9688,175000
-118.14,34.17,52,2667,486,1681,504,4.0524,173100
-118.14,34.17,40,1054,251,1056,276,2.3,146700
-118.15,34.16,18,1711,383,1474,415,1.2891,181300
-118.16,34.16,43,1276,226,545,209,4.1518,230700
-118.16,34.16,52,1576,239,696,249,6.07,261800
-118.16,34.15,17,821,163,229,164,7.3715,263000
-118.14,34.15,52,407,160,227,148,1.5156,187500
-118.15,34.15,49,806,199,698,172,2.3654,137500
-118.14,34.17,34,2384,604,2073,540,2.3062,158000
-118.15,34.17,36,930,280,1024,300,1.0846,146400
-118.14,34.16,36,2973,807,2846,784,2.6217,156300
-118.14,34.17,52,2687,600,1716,544,2.7201,205700
-118.13,34.16,36,2162,658,1337,590,2.2095,176700
-118.14,34.16,38,1843,565,1449,524,2.2174,215400
-118.13,34.15,18,1665,477,1095,390,2.6038,155600
-118.12,34.15,19,557,216,673,212,2.1763,168800
-118.13,34.15,28,1119,334,739,323,2.5903,125000
-118.12,34.17,52,2948,542,1363,495,4.7098,287900
-118.13,34.16,52,1872,357,984,364,4,250400
-118.1,34.16,44,2795,496,1235,469,4.2386,283700
-118.1,34.17,44,4505,894,2296,899,3.4811,300500
-118.11,34.16,52,3158,459,1229,444,5.4223,325600
-118.11,34.16,52,2489,437,1101,438,4.2065,320300
-118.11,34.16,52,1353,274,852,306,3.4583,239900
-118.11,34.15,40,1950,509,1038,438,2.6172,196100
-118.11,34.15,26,2193,558,1186,559,3.6474,184100
-118.12,34.15,35,1760,447,984,384,3.4167,198200
-118.1,34.15,32,978,227,543,211,3.0096,199000
-118.1,34.15,14,1442,369,782,343,2.7431,177500
-118.09,34.15,46,271,74,150,55,2.2321,237500
-118.09,34.15,52,670,141,268,110,3.5568,205000
-118.09,34.15,49,1467,259,688,260,4.3452,260100
-118.09,34.16,45,2199,358,942,353,5.0393,321100
-118.07,34.16,39,1804,265,730,276,6.4761,397500
-118.07,34.16,35,2459,438,970,437,4.2143,369400
-118.08,34.14,45,2923,604,1903,560,3.1729,218700
-118.08,34.14,42,2690,589,1149,535,3.88,281100
-118.09,34.15,45,1345,356,749,327,2.8007,210900
-118.11,34.14,52,2401,332,810,308,6.0948,358700
-118.11,34.14,44,3298,615,1417,643,4.1324,434800
-118.12,34.14,52,2337,352,981,328,5.8692,490400
-118.12,34.14,25,3420,977,1718,947,3.1033,217900
-118.13,34.13,39,2099,397,1500,380,4.8304,493200
-118.13,34.14,29,3559,1034,1658,965,3.2643,163900
-118.14,34.14,17,3404,1011,1694,949,2.9511,282300
-118.15,34.14,45,543,191,454,181,2.3,55000
-118.15,34.14,52,403,117,361,105,1.625,187500
-118.18,34.14,38,3039,487,1131,465,7.7116,360900
-118.14,34.13,16,3569,821,1505,783,4.9167,251100
-118.14,34.13,49,4438,803,1650,741,5.1072,479700
-118.08,34.13,39,788,128,413,139,5.9546,396700
-118.08,34.12,41,1598,280,807,282,5.5067,325000
-118.09,34.12,38,2638,432,1284,433,5.4536,342700
-118.07,34.12,43,1554,287,802,277,4.2312,272600
-118.08,34.12,27,1685,341,757,317,4.2434,270500
-118.07,34.11,47,832,194,419,156,3.1576,225000
-118.08,34.11,42,2628,525,1494,523,3.9464,257200
-118.08,34.11,42,1969,353,927,354,5.5924,285300
-118.09,34.11,36,2966,527,1231,482,4.6442,316800
-118.1,34.1,52,1788,313,792,294,3.75,280000
-118.1,34.11,49,3367,523,1317,495,6.706,351400
-118.11,34.11,50,2131,294,753,284,6.7099,352200
-118.12,34.1,49,2057,430,1103,414,4.0556,282600
-118.13,34.09,21,3862,1186,2773,1102,2.7816,188200
-118.13,34.1,26,3050,825,2153,772,3.1103,214100
-118.14,34.09,20,3447,1007,2622,934,2.918,208700
-118.13,34.11,45,1780,289,755,328,4.825,351100
-118.13,34.1,24,4670,1185,2478,1107,3.1975,252400
-118.15,34.1,52,4325,823,1927,795,3.9485,419100
-118.15,34.11,52,1746,330,704,306,3.7895,364800
-118.15,34.12,36,6119,1513,2719,1402,3.8427,319700
-118.15,34.12,49,1789,288,848,311,6.0199,5e+05
-118.15,34.1,39,3856,867,1847,830,3.4559,364900
-118.16,34.11,31,5715,1154,2639,1079,4.1661,364400
-118.17,34.11,39,1758,436,892,447,3.6406,278900
-118.14,34.1,27,4073,1013,2411,933,3.108,231000
-118.15,34.09,52,2203,430,1238,403,4.4306,225800
-118.15,34.08,44,1053,251,941,256,3.125,205600
-118.14,34.09,38,1745,457,1547,460,2.85,219000
-118.14,34.08,30,1433,397,1110,346,2.3464,191700
-118.14,34.08,24,2999,786,2937,796,2.9405,217800
-118.14,34.07,52,695,145,523,170,3.665,220400
-118.13,34.09,42,2562,781,1936,687,2.2214,219000
-118.13,34.08,40,1931,449,1367,446,2.575,228400
-118.09,34.09,36,1068,246,949,250,2.3462,188500
-118.07,34.1,34,2253,522,1262,511,3.4375,259800
-118.07,34.1,28,676,177,543,185,3.2361,187500
-118.08,34.1,36,2679,548,1605,533,3.5313,213200
-118.09,34.08,34,1513,384,986,336,2.6901,235600
-118.09,34.08,33,1430,344,1165,328,3.0357,206000
-118.09,34.08,42,1003,236,769,231,3.1607,218300
-118.1,34.09,42,1460,289,829,273,4.875,227300
-118.11,34.07,46,1130,229,698,209,5.2719,244400
-118.12,34.08,49,1782,374,1010,367,3.1583,268200
-118.12,34.08,35,2248,615,1762,622,3,253900
-118.12,34.08,36,2433,585,1565,563,3.2344,234900
-118.13,34.07,32,1880,428,1404,424,3.085,220500
-118.13,34.06,17,1714,572,1590,568,1.1875,183900
-118.12,34.06,17,5137,1614,4945,1535,2.4599,181600
-118.11,34.07,19,3215,907,3072,870,2.3393,202300
-118.14,34.07,42,1036,199,656,215,4.1902,235000
-118.14,34.06,39,2390,444,1246,422,3.7857,245700
-118.16,34.07,47,2994,543,1651,561,3.8644,241500
-118.15,34.07,40,1072,204,940,200,3.125,242700
-118.14,34.05,25,5478,1136,3062,1096,3.4118,341100
-118.15,34.05,31,3362,799,1939,754,3.5089,305800
-118.14,34.06,27,5257,1082,3496,1036,3.3906,237200
-118.12,34.06,25,1137,293,800,281,2.4286,233300
-118.11,34.06,16,2416,565,1750,514,2.8229,163700
-118.11,34.06,14,2628,668,2208,574,2.9764,160300
-118.1,34.08,21,1349,352,1188,330,2.5,182100
-118.1,34.07,29,1179,313,1255,308,2.5964,176800
-118.1,34.07,36,3661,956,3816,931,2.5104,185000
-118.09,34.07,26,794,182,709,170,3.175,170800
-118.1,34.07,33,3437,1081,3817,1042,2.25,203700
-118.09,34.06,30,1980,552,2264,511,2.6094,179400
-118.09,34.06,38,3230,840,3485,827,2.629,171600
-118.1,34.06,31,2852,740,3100,725,2.9524,178800
-118.11,34.06,30,1547,436,1700,410,2.5488,187500
-118.1,34.05,31,3559,734,2975,715,3.756,183300
-118.1,34.05,26,1495,328,1296,304,2.913,152300
-118.09,34.04,18,5580,1369,3842,1276,3.6512,168500
-118.09,34.04,24,1543,257,824,271,6.4385,272600
-118.11,34.05,23,3436,565,1729,529,5.9941,266700
-118.12,34.05,32,3775,786,2416,792,3.6625,247600
-118.13,34.04,36,1938,364,1118,374,3.5833,227300
-118.14,34.03,38,1447,293,1042,284,4.1375,211500
-118.14,34.04,40,1966,391,1120,362,3.7109,198800
-117.95,33.95,29,4943,674,1913,641,6.8189,379300
-118,33.96,37,2414,323,878,305,9.1541,453800
-118.03,34.01,10,6531,1036,2975,1018,6.2319,403700
-118.06,34.01,34,1962,396,1488,332,3.9091,155100
-118.07,34.01,38,2245,444,1540,419,3.7986,171000
-118.07,34.01,36,1391,283,1025,275,3.2375,176800
-118.08,34.01,32,1973,401,1322,386,3.4861,158100
-118.07,34,42,1392,351,1471,348,2.63,143800
-118.08,34,35,1188,342,1373,332,2.9107,150900
-118.08,34.01,34,1914,549,2122,529,2.5969,150200
-118.08,34.02,14,3789,810,2551,793,2.9321,144200
-118.08,34.01,33,1091,233,890,226,2.7679,176400
-118.09,34.01,31,1108,238,1151,229,4.3333,149500
-118.09,34,36,1722,353,1174,335,3.045,160600
-118.09,34,35,1580,331,1290,338,4.1458,162500
-118.1,33.99,35,1326,272,933,267,3.4306,162500
-118.1,33.99,31,965,217,599,206,2.7202,190300
-118.08,33.98,36,1492,282,1041,270,4.0677,165800
-118.08,33.98,39,1042,221,863,228,3.6033,157800
-118.09,33.98,37,1270,272,1092,274,3.5,160700
-118.09,33.99,35,2787,639,1923,614,3.5757,177900
-118.08,33.99,36,2024,590,2028,573,2.8152,163900
-118.08,34,32,1165,358,997,361,0.9817,166300
-118.07,33.99,39,552,151,807,168,3.25,153300
-118.06,33.98,40,1723,370,1221,370,3.3562,169200
-118.06,33.98,40,1410,255,932,273,4.2206,178000
-118.06,33.98,42,1342,243,615,208,5.4381,186900
-118.06,34,34,5002,917,2597,893,3.9243,219800
-118.07,34,37,2976,636,2117,598,4.1058,167300
-118.04,33.99,36,3531,754,1613,697,3.2359,198600
-118.06,33.99,47,1588,309,827,292,3.7833,166100
-118.04,33.98,50,1951,458,1362,454,3,163200
-118.03,33.99,52,2792,461,1177,439,3.4312,243800
-118.03,33.97,32,2468,552,1190,479,3.8275,238500
-118.01,33.97,36,1451,224,608,246,6.0648,290800
-118.01,33.96,36,1805,288,882,308,5.3054,273500
-118.02,33.96,36,2071,398,988,404,4.6226,219700
-118.03,33.97,39,1996,389,1029,387,4.65,224300
-118.03,33.97,36,2149,527,1359,481,2.824,167900
-118.04,33.97,29,2376,700,1968,680,2.6082,162500
-118.03,33.97,22,2185,623,1644,606,2.593,192000
-118.02,33.95,38,2139,426,1138,412,4.2917,168900
-118.02,33.95,36,1681,329,964,311,4.108,181200
-118.04,33.95,36,2722,515,1390,486,3.8214,178500
-118.04,33.96,37,1948,395,1163,379,3.225,154000
-118.04,33.96,42,1430,338,1269,321,3.3214,148800
-118.05,33.96,37,2622,652,2778,644,2.9714,160300
-118.05,33.97,36,2854,688,2816,673,3.6,154000
-118.07,33.98,32,3304,714,2032,690,3.2093,167800
-118.07,33.98,41,1478,273,916,281,3.9688,169800
-118.06,33.97,39,1639,300,988,309,3.9612,175800
-118.07,33.97,36,1887,370,1006,329,3.1554,170700
-118.08,33.97,38,1026,190,789,193,4.2,163200
-118.07,33.96,30,928,230,913,214,2.6991,147100
-118.08,33.97,36,1620,298,1258,309,3.9773,166700
-118.08,33.97,35,825,155,590,144,4.6333,161200
-118.09,33.98,39,936,194,691,211,3.6875,169500
-118.1,33.98,34,1357,310,1042,287,3.4083,156700
-118.1,33.98,33,1927,482,1623,479,3.5268,152000
-118.09,33.96,36,3271,603,2593,616,3.3621,169700
-118.09,33.96,36,1116,229,719,233,3.425,163200
-118.1,33.96,38,1657,335,1195,309,4.1711,160100
-118.1,33.96,36,2013,435,1476,475,3.9549,192100
-118.1,33.96,40,1743,328,981,291,3.6667,173100
-118.08,33.95,32,1962,387,1274,398,4.8304,160600
-118.08,33.95,37,1743,348,1328,354,3.0944,162800
-118.09,33.95,32,1083,206,737,218,3.5583,170800
-118.09,33.94,36,2762,472,1576,493,4.0846,183400
-118.09,33.94,33,1976,404,1379,395,3.8542,175400
-118.08,33.94,21,3933,949,2219,820,2.4926,171400
-118.04,33.95,35,1945,357,1227,359,5.2162,171900
-118.05,33.95,33,1954,390,1600,376,3.6125,170800
-118.05,33.93,31,894,203,883,190,3.6771,141500
-118.04,33.93,35,1805,387,1505,366,4.1667,151900
-118.04,33.92,34,1995,417,1573,407,3.4907,153500
-118.04,33.92,35,2469,522,2151,537,3.4219,156200
-118.03,33.94,37,1699,302,889,271,4.3542,179800
-118.03,33.94,30,2572,521,1564,501,3.4861,177200
-118.04,33.94,37,1328,273,1115,275,4.2051,164400
-118.03,33.94,34,1748,386,917,378,3.4792,169000
-118.02,33.95,36,1705,299,871,296,4.6184,179800
-118.02,33.95,36,1632,295,797,283,4.2292,179500
-118.01,33.95,37,1165,210,627,221,4.6923,181000
-118.02,33.94,23,4815,1081,3232,1016,3.488,191800
-118.01,33.94,36,1921,329,969,327,4.9191,188700
-118.01,33.94,35,1323,235,807,247,4.2708,174800
-118.02,33.93,33,4711,988,2984,931,3.6028,184700
-118,33.93,35,1288,240,758,250,4.9205,173900
-118,33.93,35,802,153,445,150,5.0077,185000
-118.01,33.92,34,4039,694,2269,663,5.2305,205100
-118.01,33.92,35,1606,289,829,273,5.273,187600
-118,33.92,26,2830,399,1204,404,6.1273,289600
-118,33.91,19,5166,770,2374,753,5.979,285200
-118,33.93,24,4534,967,2547,895,3.9575,215400
-117.98,33.92,27,3700,568,1793,552,5.3668,219800
-117.99,33.92,27,5805,1152,3106,1144,4.061,222700
-117.98,33.91,16,10621,1782,3836,1480,5.0923,257200
-117.99,33.9,30,1677,372,1021,332,3.5859,199700
-118,33.89,34,1932,315,1053,316,5.1377,213300
-118,33.9,35,1758,309,972,338,4.3831,209800
-118,33.9,35,1942,332,1127,325,4.5144,206300
-118.01,33.89,34,1653,292,1003,310,4.6,203400
-118.01,33.89,33,2046,327,1018,320,4.2292,212800
-118.02,33.9,36,2417,421,1276,426,5.5601,205200
-118.02,33.9,34,2678,511,1540,497,4.4954,202900
-118.02,33.89,36,1375,242,670,221,5.0839,198200
-118.01,33.91,32,2722,571,2541,462,4.2305,221400
-118.01,33.9,36,1382,257,685,255,5.125,211700
-118.02,33.91,35,2182,390,1248,399,5.4236,216700
-118.02,33.9,34,1636,358,977,357,3.5938,209900
-118.02,33.91,34,2518,429,1309,421,4.7861,210700
-118.03,33.91,32,4040,832,2526,798,3.2143,160100
-118.03,33.91,35,2323,406,1741,398,4.2437,164100
-118.04,33.9,36,15,5,15,6,0.4999,162500
-118.09,34.03,27,3797,597,2043,614,5.5,276800
-118.09,34.02,28,1984,313,1099,343,4.5526,250200
-118.1,34.02,33,1143,172,508,174,4.9107,279900
-118.1,34.01,29,2077,564,2087,543,2.66,189200
-118.1,34.01,42,1436,298,1005,298,3.4297,195800
-118.1,34.02,37,1022,232,653,238,3.0625,189400
-118.11,34.01,43,1539,386,1122,377,2.4605,196000
-118.12,34.02,32,1789,528,1429,517,1.8906,224500
-118.13,34.03,31,4267,1070,3176,1071,3.0212,208200
-118.13,34.02,40,2988,690,2144,667,2.3359,189300
-118.13,34.02,41,734,190,565,191,2.2813,192000
-118.13,34.02,43,396,91,261,73,2.9044,172900
-118.14,34.03,44,2003,390,1291,392,4.0625,201100
-118.14,34.03,45,1569,359,1203,359,2.4612,180500
-118.15,34.03,43,2006,472,1687,463,1.7991,158800
-118.16,34.03,41,1377,293,1142,272,3.1724,141600
-118.15,34.03,42,1481,411,1206,394,2.6806,189300
-118.15,34.04,39,1099,263,787,269,3.7794,194600
-118.15,34.04,44,647,142,457,143,3.6875,162500
-118.16,34.04,45,332,70,302,60,3.1895,156300
-118.17,34.03,31,1014,252,1064,247,2.4167,125500
-118.17,34.04,38,385,102,402,95,1.625,129700
-118.17,34.04,46,705,167,655,149,3.5938,141100
-118.18,34.06,33,278,71,266,56,0.8941,98200
-118.19,34.06,37,1715,456,2052,440,2.3125,116100
-118.18,34.06,45,934,228,893,192,2.53,140300
-118.18,34.05,52,1070,231,925,220,1.825,133000
-118.18,34.05,38,3272,731,3299,726,2.8295,126500
-118.18,34.05,41,762,147,817,176,3.75,123100
-118.18,34.04,36,1807,630,2118,669,1.55,129000
-118.19,34.05,29,855,199,785,169,2.6964,122200
-118.18,34.03,39,609,145,690,134,2.9167,145800
-118.17,34.05,39,962,229,999,221,3.375,126000
-118.18,34.03,26,859,255,835,232,1.1929,143800
-118.19,34.04,40,1279,316,1438,329,2.1774,157600
-118.18,34.03,40,2631,698,2920,677,2.0764,145600
-118.19,34.02,45,1535,432,1820,419,1.7801,142800
-118.18,34.02,36,1138,296,1484,320,2.2813,150700
-118.18,34.02,35,661,142,720,143,2.8977,142500
-118.18,34.02,33,832,226,987,220,3.0972,125000
-118.17,34.03,41,2099,530,2325,528,2.1979,140800
-118.17,34.03,42,882,292,1248,281,2.761,120000
-118.18,34.03,44,1629,420,1893,387,2.2991,137500
-118.17,34.02,39,759,215,883,226,2.125,143800
-118.16,34.03,45,894,231,925,222,2.6042,145000
-118.16,34.02,47,1055,298,1303,302,2.6964,138800
-118.16,34.02,34,1474,511,1962,501,1.8715,139600
-118.15,34.02,42,2729,725,3004,722,2.3438,154300
-118.15,34.02,37,2344,631,2195,610,2.7022,151900
-118.16,34.02,44,1218,374,1175,342,1.9688,173900
-118.14,34.02,44,1715,460,1740,423,2.7019,153300
-118.14,34.02,42,1384,458,1825,455,1.4178,145500
-118.14,34.01,46,1746,447,1296,392,2.3929,156800
-118.13,34.01,45,1179,268,736,252,2.7083,161800
-118.12,34,31,3281,768,2385,733,2.7308,173800
-118.12,34.01,40,1417,338,1068,331,2.4259,164600
-118.11,34,38,2573,484,1568,459,3.0208,193700
-118.11,34,33,2886,726,2650,728,2.625,178700
-118.11,34.01,22,1141,332,1189,321,2.2042,162500
-118.12,33.99,27,2316,559,2012,544,2.8155,176800
-118.12,33.99,26,2296,534,1777,507,2.5395,191000
-118.12,33.98,44,932,179,717,180,3.6875,178100
-118.12,33.99,24,1705,479,2037,459,2.4219,137500
-118.15,34,32,3218,739,2368,730,3.1406,175300
-118.18,34.01,39,322,82,319,90,2.6364,148800
-118.21,33.99,39,47,16,51,23,3.2188,112500
-118.23,34,35,167,60,267,55,1.5227,350000
-118.22,33.98,34,2283,809,3032,832,2.4387,175000
-118.22,33.98,15,1011,274,899,219,2.7045,190600
-118.23,33.99,5,706,203,839,199,4.5208,165000
-118.24,33.99,28,312,89,498,87,2.4107,96400
-118.24,33.99,33,885,294,1270,282,2.1615,118800
-118.25,33.99,41,2215,544,2054,480,1.5272,100300
-118.25,33.99,41,1486,509,2312,541,1.3963,92900
-118.25,33.98,44,1087,335,1441,310,1.6667,112500
-118.25,33.98,37,1045,361,1666,337,1.7929,97200
-118.25,33.98,39,1553,461,2271,437,1.7378,121900
-118.24,33.98,37,1196,364,1622,327,2.125,108900
-118.24,33.98,45,972,249,1288,261,2.2054,125000
-118.24,33.98,45,173,42,230,57,3.0724,110700
-118.22,33.98,30,1971,645,2650,605,2.0357,169900
-118.22,33.98,42,626,143,625,156,3.125,166300
-118.22,33.98,32,2643,737,2784,711,2.5352,184400
-118.22,33.98,36,1514,453,1496,448,2.1044,148200
-118.22,33.98,18,1781,765,1913,702,1.2059,255000
-118.2,33.98,38,867,243,950,235,1.8929,163100
-118.21,33.98,35,1705,562,2212,539,2.325,161500
-118.19,33.99,38,1212,272,1129,263,2.6673,142300
-118.19,33.99,40,1547,434,1930,427,3.3869,157300
-118.19,33.98,40,973,272,1257,258,2.8214,158000
-118.19,33.99,42,1429,436,1537,389,3.0114,157500
-118.2,33.99,35,1608,465,2140,488,3.1979,154700
-118.19,33.98,34,1022,286,1058,275,2.6042,156700
-118.19,33.99,36,1273,379,1398,353,2.4516,147800
-118.2,33.99,31,1186,387,2087,409,1.9132,154600
-118.19,33.98,33,151,83,380,83,1.4224,189600
-118.19,33.98,36,4179,1266,4582,1196,2.0087,172100
-118.2,33.98,32,1403,399,1506,375,2,172700
-118.2,33.97,30,1911,562,2055,534,2.3917,154600
-118.18,33.99,36,988,337,1508,351,2.4375,154800
-118.17,33.98,27,1871,556,2542,581,2.8427,164400
-118.18,33.98,24,1880,642,2646,605,2.1836,162000
-118.18,33.98,30,1735,573,2237,545,2.3444,156100
-118.18,33.99,35,1230,407,1512,364,2.152,170800
-118.17,33.97,31,3388,1059,3558,957,2.4049,159000
-118.17,33.97,33,2410,641,2106,593,2.2422,168200
-118.17,33.98,41,756,195,873,212,2.7321,156000
-118.18,33.98,36,903,266,1068,251,3.0398,165400
-118.18,33.97,30,2887,866,2806,830,2.2122,169400
-118.18,33.98,40,1698,431,1280,405,2.625,206300
-118.18,33.98,38,1477,374,1514,408,2.5703,178600
-118.15,33.97,32,1174,373,1758,361,2.4263,158100
-118.16,33.97,23,1516,457,1977,435,2.3068,157800
-118.14,33.97,29,1846,530,2576,528,2.63,156000
-118.14,33.97,31,1161,267,1175,282,3.0114,177000
-118.15,33.97,32,927,250,970,248,2.1591,181500
-118.16,33.98,33,1196,313,1448,320,2.9375,162500
-118.16,33.97,31,1363,428,1897,364,2.3929,191100
-118.16,33.97,13,221,63,286,64,1.9063,175000
-118.15,33.96,33,1471,451,2272,482,2.5385,160900
-118.16,33.96,24,1635,507,2480,481,2.4432,187500
-118.18,33.96,20,427,118,402,105,1.4167,137500
-118.18,33.97,26,6895,1877,8551,1808,2.3175,154500
-118.19,33.97,27,2911,972,3559,945,1.9485,146300
-118.2,33.96,44,3114,779,2959,776,3.1875,171700
-118.21,33.96,38,2090,519,1871,504,2.4688,169000
-118.21,33.97,52,4220,908,3731,892,3.1901,167600
-118.22,33.97,47,1147,297,1097,307,2.6384,162900
-118.23,33.96,44,3186,876,3913,842,3.0143,148200
-118.24,33.97,41,1182,346,1644,346,2.1473,115100
-118.24,33.97,37,1053,263,1354,292,2.5833,112500
-118.25,33.97,32,879,257,1057,230,1.6776,114800
-118.25,33.97,43,1735,535,2288,524,1.9119,98800
-118.24,33.97,37,1212,314,1403,279,2.5536,117200
-118.25,33.97,37,794,210,814,213,2.2917,112000
-118.25,33.96,43,1876,454,1571,458,2.0323,112500
-118.24,33.96,34,1724,432,1876,416,2.1078,100600
-118.25,33.96,48,1052,234,793,216,1.6585,92900
-118.25,33.96,43,2015,419,1543,399,1.8672,98100
-118.25,33.95,48,1766,424,1655,420,0.9751,95500
-118.25,33.95,41,1576,339,1252,302,1.9798,98100
-118.23,33.96,36,1062,270,1136,273,1.6597,109100
-118.24,33.96,39,643,186,821,191,2.5729,97300
-118.24,33.96,34,946,254,1101,239,1.7396,105900
-118.23,33.95,42,705,173,739,140,0.9166,99000
-118.23,33.95,27,504,142,789,167,0.9518,91400
-118.22,33.96,36,1542,458,1711,468,1.9028,164200
-118.21,33.95,38,1889,565,2087,559,1.7778,154000
-118.23,33.96,42,1977,570,2406,557,2.5913,151600
-118.22,33.94,42,1046,287,1218,289,2.6538,143400
-118.22,33.94,38,788,224,1155,208,3.3542,153800
-118.21,33.96,48,284,104,422,119,1.2826,145500
-118.2,33.95,35,1924,520,2101,541,2.4267,151500
-118.21,33.95,35,2129,614,2376,618,2.0372,160800
-118.2,33.94,42,618,163,680,179,3.3472,154200
-118.21,33.94,40,2227,594,2244,580,2.4459,143800
-118.19,33.95,44,1436,271,850,269,3.2768,179100
-118.19,33.95,41,1368,309,1244,312,3.0833,164800
-118.19,33.95,42,1651,463,1559,436,2.3882,148100
-118.2,33.94,44,1413,298,1200,307,3.5125,169300
-118.2,33.94,43,1934,511,1895,493,2.5029,159700
-118.19,33.95,42,2309,685,2609,673,2.7206,162100
-118.18,33.94,44,1337,245,968,240,3.4688,183600
-118.18,33.95,39,2121,579,1991,528,2.9094,152200
-118.18,33.94,43,2724,612,2340,570,2.7,165000
-118.17,33.95,23,1991,584,1380,535,1.9107,181900
-118.17,33.92,43,2099,398,1276,387,3.1528,166800
-118.17,33.91,39,1157,273,877,305,3.1087,171000
-118.18,33.92,32,2035,519,2282,480,3.2734,136400
-118.18,33.92,29,749,185,708,196,2.4583,136900
-118.18,33.93,35,952,271,949,261,2.4297,147200
-118.2,33.93,40,1929,417,1780,419,3.4402,149400
-118.19,33.93,44,1613,345,1227,342,3.1667,145700
-118.2,33.92,42,1411,314,1432,322,3.0871,138800
-118.2,33.93,38,1626,307,1280,295,3.5313,146500
-118.21,33.94,34,892,318,1443,341,2.1903,162500
-118.21,33.94,34,710,205,1134,233,2.7734,141100
-118.21,33.93,33,2739,801,3423,741,2.2847,132700
-118.2,33.93,36,1191,345,1193,295,2.5185,138800
-118.21,33.93,36,1337,382,1769,393,2.6953,121000
-118.22,33.94,40,930,258,1203,244,2.5938,115400
-118.22,33.93,30,443,170,903,189,2.1964,125000
-118.21,33.92,37,1705,403,1839,410,2.5833,132700
-118.21,33.92,35,1669,445,1870,412,3.0417,117300
-118.21,33.92,28,2949,1003,4551,930,1.9026,131900
-118.22,33.92,43,1195,256,1251,262,3.4539,125000
-118.23,33.93,37,239,49,308,52,1.4028,105400
-118.24,33.93,19,325,74,354,87,2.75,90600
-118.24,33.92,42,328,100,605,87,2.4464,97400
-118.24,33.92,44,1079,210,601,182,2.2411,106400
-118.25,33.93,27,581,135,647,131,3.2917,83100
-118.25,33.93,42,763,191,754,174,2.0486,101800
-118.27,33.92,34,1178,260,1166,244,1.9185,93300
-118.27,33.92,35,1818,374,1444,372,2.745,106800
-118.28,33.92,39,1472,302,1036,318,3,110000
-118.28,33.92,37,742,151,729,144,3.055,105400
-118.27,33.91,42,1786,358,1318,373,2.625,101100
-118.27,33.91,37,3018,547,1720,512,2.7269,124100
-118.27,33.91,32,2238,471,1292,467,1.1705,110600
-118.27,33.87,21,6108,1130,3244,1113,4.2768,181400
-118.25,33.9,42,1386,320,1163,319,2.4271,89500
-118.26,33.9,38,1566,318,981,318,4.0234,111900
-118.26,33.9,22,894,232,754,222,2.0096,110700
-118.25,33.92,36,949,164,502,163,4.1042,124400
-118.25,33.91,36,1950,365,1125,374,3.1111,119300
-118.25,33.91,35,1479,272,963,292,3.4917,109500
-118.26,33.91,33,954,241,655,218,2.5882,92800
-118.24,33.91,37,1607,377,1526,375,1.7158,94300
-118.22,33.92,32,1263,333,1789,346,1.9957,89300
-118.22,33.92,23,926,409,1856,408,2.1366,1e+05
-118.21,33.91,26,2422,632,2601,583,1.7824,110200
-118.22,33.91,28,1847,500,2263,473,1.5161,103200
-118.2,33.9,26,1000,275,1178,263,2.12,105000
-118.21,33.9,35,2420,579,2010,540,2.0817,104600
-118.2,33.92,36,414,104,477,130,3.6719,130400
-118.21,33.92,36,602,150,645,145,3.1964,115400
-118.18,33.91,36,1138,238,878,224,2.0625,134400
-118.19,33.92,35,915,241,1153,252,3.305,115800
-118.19,33.91,35,2695,748,2935,706,2.0134,132400
-118.2,33.91,43,1381,278,1494,298,3.5878,118400
-118.19,33.9,36,1073,271,1385,288,2.3214,104800
-118.19,33.9,32,2762,652,2677,632,2.5719,105600
-118.2,33.89,37,2394,568,2499,551,2.5321,105100
-118.21,33.89,39,1565,364,1389,360,2.7443,113900
-118.21,33.88,29,1976,444,1254,371,2.1782,126800
-118.22,33.89,41,990,228,776,207,2.125,120200
-118.22,33.89,37,797,190,485,166,2.7434,95200
-118.24,33.89,34,1479,332,1166,322,2.6165,100900
-118.22,33.91,27,500,159,732,162,2.7426,103100
-118.22,33.9,22,312,107,583,119,1.9423,98400
-118.23,33.9,34,2462,553,2334,502,1.641,96800
-118.23,33.9,28,1108,284,1498,289,2.4706,88800
-118.24,33.9,38,2055,442,1518,425,2.3382,103000
-118.24,33.9,35,1079,247,1055,243,2.375,93600
-118.24,33.9,39,642,129,475,123,1.2083,92600
-118.25,33.9,38,1201,223,733,206,3.3804,105800
-118.24,33.89,32,1132,266,1211,279,2.1838,98300
-118.25,33.89,37,1042,213,699,196,2.9643,103200
-118.26,33.88,39,1756,320,1055,322,3.2375,105200
-118.26,33.88,40,519,102,330,95,3.0972,108500
-118.22,33.88,35,998,313,1335,311,1.6574,102500
-118.23,33.89,35,1255,344,1782,343,2.1949,95100
-118.24,33.85,25,9594,1489,5237,1496,5.9684,193300
-118.23,33.84,25,1106,207,888,216,5.3307,207000
-118.24,33.83,22,7368,1367,4721,1342,4.8438,213100
-118.25,33.87,18,6812,1263,3704,1216,4.25,169200
-118.25,33.86,26,3022,476,1852,452,6.0531,186400
-118.26,33.85,25,2324,326,1087,328,5.293,207000
-118.26,33.85,24,9071,1335,4558,1327,5.542,197500
-118.27,33.86,33,1685,333,1484,318,4.3527,167000
-118.27,33.86,26,1097,167,701,188,6.5799,196600
-118.28,33.85,27,489,98,403,97,5.144,180800
-118.29,33.84,11,2274,617,1897,622,3.5094,162900
-118.29,33.84,33,896,208,843,200,3.5,183000
-118.29,33.84,34,2617,558,1396,515,5.061,218000
-118.29,33.84,23,3626,799,2321,731,4.7393,237900
-118.29,33.81,19,7023,1538,3993,1412,5.0532,218200
-118.29,33.8,21,9944,1623,4185,1582,4.526,329400
-118.28,33.81,29,2755,508,2046,488,5.2034,212400
-118.27,33.82,37,943,218,803,216,5.2287,191100
-118.27,33.81,10,1881,571,1769,553,3.9286,114000
-118.27,33.82,39,1357,249,763,229,4.25,200300
-118.27,33.83,34,1124,245,717,242,3.1667,186900
-118.26,33.83,24,3059,729,2064,629,3.5518,184600
-118.27,33.82,28,1642,434,1575,420,4.1292,201900
-118.26,33.82,28,5091,1074,4753,1033,3.6477,117400
-118.26,33.83,28,4112,861,3211,841,4.4539,192200
-118.22,33.84,38,1928,429,1358,399,4.0687,160300
-118.22,33.83,44,1792,404,1115,358,3.9091,174400
-118.22,33.83,43,1426,272,871,276,3.7083,175200
-118.21,33.83,38,793,193,601,187,2.8837,176100
-118.07,33.93,5,906,187,1453,158,4.125,171900
-118.08,33.93,39,1478,324,1127,320,3.525,158000
-118.08,33.92,38,1335,282,1011,269,3.6908,157500
-118.08,33.92,39,1631,322,1034,328,4.5382,165700
-118.07,33.92,36,1560,320,1348,314,3.622,174000
-118.08,33.93,33,2263,511,1626,457,3.5556,172800
-118.09,33.92,36,2381,419,1669,444,4.6976,171100
-118.09,33.92,31,1983,419,1157,390,3.5455,168300
-118.09,33.93,37,1950,356,1183,338,4.1449,175300
-118.1,33.92,35,2017,383,1388,386,4.0774,171600
-118.1,33.93,36,1124,217,707,234,4.375,174500
-118.11,33.92,32,1016,190,729,177,4.3,151300
-118.1,33.95,27,1666,365,995,354,4.5694,204300
-118.11,33.96,29,2784,582,1278,550,4.3882,261600
-118.12,33.97,35,708,145,471,153,3.2,197400
-118.13,33.97,36,1759,295,837,267,4.6992,251900
-118.13,33.96,38,1040,202,557,228,4,254700
-118.14,33.96,34,2744,541,1333,503,4.0536,277200
-118.14,33.95,44,1812,338,822,314,6.7744,294100
-118.14,33.95,42,1413,228,630,219,6.8564,3e+05
-118.14,33.95,36,1942,355,891,348,3.6635,282100
-118.15,33.96,33,2418,485,1397,477,3.1083,285500
-118.15,33.95,31,1053,230,686,211,4,263200
-118.12,33.94,35,1813,313,825,316,5.2485,323800
-118.11,33.94,37,1434,262,786,256,4.4375,244900
-118.11,33.94,32,2098,378,1036,385,5.0258,255400
-118.12,33.94,31,2210,519,1047,472,3.3292,271300
-118.12,33.94,33,2206,393,973,364,4.675,283000
-118.11,33.93,17,1205,347,736,342,3.2011,162500
-118.12,33.93,27,580,143,466,133,3.0909,187500
-118.14,33.93,31,3205,727,1647,664,3.3681,223900
-118.13,33.93,34,2122,517,1578,488,3.1496,191900
-118.14,33.94,35,2987,601,1561,606,4.0039,226500
-118.15,33.94,36,1948,341,992,363,4.2594,242400
-118.15,33.94,37,1594,321,1003,323,3.3289,199700
-118.16,33.94,25,5675,1224,3317,1119,3.9352,232900
-118.15,33.93,34,1745,404,1084,410,3.3411,220500
-118.15,33.92,36,1890,400,1232,386,4.375,184200
-118.15,33.92,40,1335,281,804,282,4.3194,198400
-118.11,33.91,19,3056,759,1561,740,3.1369,196900
-118.12,33.91,35,1518,279,857,251,3.6917,197500
-118.13,33.91,35,561,104,261,105,4.9375,183800
-118.13,33.91,34,916,162,552,164,4.9107,222000
-118.14,33.91,36,1096,204,569,201,4.475,182300
-118.1,33.91,40,513,100,399,99,4.875,167600
-118.1,33.9,35,1151,248,809,246,4.7813,160000
-118.1,33.91,29,505,113,411,113,2.6397,164400
-118.09,33.92,35,1994,419,1491,428,3.7383,166200
-118.09,33.9,36,1215,279,862,285,3.7604,158700
-118.07,33.91,29,2387,570,1978,548,3.1957,159200
-118.06,33.91,21,2863,701,1489,621,3.2031,180700
-118.06,33.9,37,1161,254,882,236,4.4167,158000
-118.07,33.89,29,1138,217,964,222,4.537,185300
-118.07,33.89,17,2223,544,2008,512,3.0777,160800
-118.08,33.89,35,1071,290,1412,274,3.1917,114900
-118.07,33.9,39,2502,546,1849,518,3.8846,164100
-118.07,33.9,45,1776,353,1180,337,4.6406,169200
-118.08,33.9,44,1167,237,733,237,4.2083,168300
-118.09,33.9,37,1147,258,742,242,4.0461,153500
-118.09,33.9,33,3326,720,2533,689,3.1441,176300
-118.1,33.9,43,1237,243,776,246,4.325,166000
-118.1,33.9,40,1880,377,1229,378,4.4167,174600
-118.08,33.89,41,834,166,603,179,3.7321,167500
-118.09,33.89,42,1150,215,708,204,3.6875,171500
-118.09,33.89,42,991,215,717,219,4.0926,164400
-118.1,33.89,34,2242,436,1483,443,4.4934,185600
-118.1,33.9,37,1061,202,768,206,4.75,161900
-118.1,33.89,36,769,142,498,137,4.7159,182100
-118.1,33.89,35,994,203,602,185,3.5865,178000
-118.11,33.9,26,4173,893,2471,863,3.5052,196000
-118.11,33.88,35,1623,304,868,272,3.5893,276000
-118.11,33.9,36,1347,278,748,278,5.1423,183100
-118.12,33.91,36,1432,265,749,261,3.5772,207400
-118.13,33.9,38,1475,269,827,265,4.7663,191600
-118.13,33.91,36,1967,316,910,306,4.4948,190600
-118.14,33.9,26,2145,471,1150,429,3.5972,225800
-118.15,33.91,35,1590,350,1299,335,4.0313,163200
-118.15,33.91,38,901,205,760,208,2.9643,147400
-118.16,33.9,28,2410,616,2399,594,2.7339,156700
-118.16,33.91,28,2922,739,3013,673,2.9531,127100
-118.15,33.91,35,574,116,610,147,3.3182,133300
-118.17,33.9,12,3653,993,3215,854,2.8681,114200
-118.18,33.9,25,1709,442,1177,410,2.4333,155000
-118.18,33.9,32,778,227,933,209,2.7292,143800
-118.16,33.89,6,1655,536,1201,487,1.7344,145800
-118.17,33.89,52,63,12,47,8,7.2423,350000
-118.18,33.89,25,5896,1464,4149,1362,2.6742,131900
-118.15,33.89,33,2848,641,2319,647,3.407,190800
-118.16,33.89,46,940,219,599,214,3.2813,190900
-118.16,33.88,30,1694,398,1181,383,2.9779,169500
-118.13,33.9,36,1477,305,788,291,3.625,195800
-118.13,33.9,35,1458,261,686,236,3.9038,202700
-118.12,33.9,35,3478,730,1885,673,2.9375,206500
-118.12,33.89,29,2666,848,2030,781,2.5432,180900
-118.12,33.9,38,1222,282,756,256,4.125,173900
-118.12,33.88,40,2344,571,1305,544,3.1923,191900
-118.13,33.88,32,3088,1024,1981,956,2.2027,192700
-118.14,33.89,37,1159,238,740,243,4.9107,179600
-118.14,33.88,30,2596,580,1662,539,4.0507,179500
-118.14,33.89,33,1250,276,866,268,4.1708,175000
-118.14,33.88,24,3305,982,2085,881,2.6641,168200
-118.15,33.87,29,2690,659,1747,617,3.3713,198200
-118.11,33.88,19,3203,708,1761,667,4.0911,239700
-118.11,33.87,33,1379,254,795,297,4.6713,231800
-118.13,33.88,32,1788,459,1131,461,3.5278,166100
-118.14,33.87,21,6618,1773,4396,1649,3.0989,171400
-118.04,33.87,17,2358,396,1387,364,6.299,285800
-118.05,33.87,18,4928,773,2952,754,5.8855,313800
-118.07,33.88,17,2407,539,1422,524,4.2619,139700
-118.07,33.88,18,2436,375,1303,386,6.1968,344700
-118.07,33.87,18,3405,556,1945,509,5.7652,299100
-118.08,33.85,19,4261,678,2621,661,6.2427,288700
-118.05,33.86,16,2851,626,1985,603,5.4089,265600
-118.05,33.86,16,2676,391,1377,395,6.5513,350400
-118.1,33.88,18,8046,1221,4276,1228,6.5515,319600
-118.1,33.86,21,3052,624,1588,568,4.3397,268100
-118.09,33.85,19,8120,1371,5026,1345,6.3093,286500
-118.1,33.85,19,993,174,572,175,5.7039,277600
-118.07,33.89,32,1819,386,1679,360,3.5562,146000
-118.08,33.87,23,2536,552,2012,556,4.1406,200800
-118.07,33.86,28,1789,352,1347,330,3.425,189700
-118.08,33.86,26,778,173,539,186,3.2679,236500
-118.08,33.86,29,3260,783,1969,737,3.5268,215500
-118.08,33.84,31,2377,600,2042,593,3.625,170400
-118.09,33.84,27,1594,295,1061,320,4.7917,217700
-118.06,33.84,20,5643,1231,3841,1195,4.0542,168400
-118.07,33.82,27,3481,576,1660,560,5.7965,228200
-118.08,33.82,26,4259,588,1644,581,6.2519,345700
-118.08,33.83,30,2188,556,2727,525,2.7759,136800
-118.11,33.86,33,2389,410,1229,393,5.3889,234900
-118.12,33.87,43,1633,355,837,350,3.0405,188000
-118.13,33.87,45,1606,300,735,295,4.6765,198400
-118.13,33.86,45,1320,256,645,256,4.4,209500
-118.13,33.86,45,1866,343,919,344,3.5833,200200
-118.14,33.86,44,1276,234,538,213,4.8667,218300
-118.14,33.87,44,1607,271,799,283,5.084,214100
-118.15,33.86,36,1578,312,827,311,4.8942,194100
-118.15,33.86,34,2403,413,1385,386,4.4934,213800
-118.16,33.88,33,2180,522,1634,467,3.0114,167000
-118.16,33.87,32,1854,471,1363,478,2.6406,156700
-118.17,33.88,29,815,206,590,183,3.0052,166700
-118.17,33.88,42,1645,371,1161,351,3.0893,162700
-118.18,33.88,47,882,185,536,174,4.625,163000
-118.19,33.87,35,1769,436,1166,386,2.875,178300
-118.19,33.86,46,1824,438,1200,451,3.4375,156700
-118.19,33.86,38,2009,524,1449,451,2.7045,155400
-118.19,33.86,35,1133,296,774,271,2.2381,137500
-118.21,33.88,31,1332,417,1405,363,2.0125,143000
-118.21,33.88,32,1507,379,1082,350,3.225,138200
-118.2,33.87,36,1554,273,974,264,4.2135,161400
-118.17,33.87,40,2462,587,1821,536,3.5646,162600
-118.17,33.86,44,1701,396,1091,384,3.025,162300
-118.17,33.87,48,2258,509,1395,492,3.765,164800
-118.18,33.87,44,2137,461,1126,439,3.4408,172900
-118.16,33.86,26,6607,1663,4066,1558,2.5068,156300
-118.18,33.86,43,2752,645,1674,614,3.6719,161300
-118.18,33.86,39,2925,732,1702,642,2.375,160800
-118.15,33.85,36,1491,259,699,266,4.0781,217300
-118.15,33.86,32,2630,559,1069,491,2.4659,209000
-118.16,33.85,36,2668,473,1315,478,4.0714,215600
-118.16,33.85,36,1979,339,952,339,4.0815,216200
-118.14,33.86,36,1703,325,845,308,5.0106,210800
-118.1,33.85,28,2825,470,1352,469,5.2639,242000
-118.1,33.85,36,1473,253,713,257,5.9493,228000
-118.1,33.85,36,956,159,416,157,4.6429,223700
-118.11,33.85,36,2418,389,1138,387,4.8393,216300
-118.11,33.86,36,2750,487,1386,458,4.9904,221700
-118.12,33.85,37,2584,453,1333,481,4.3661,219900
-118.12,33.85,37,2386,409,1101,399,4.6908,218200
-118.1,33.84,35,1790,269,924,263,5.296,226200
-118.1,33.83,37,2059,349,825,334,4.0603,225200
-118.1,33.84,36,2572,421,1318,434,5.1836,219700
-118.12,33.84,37,2143,382,1047,377,4.4423,216000
-118.12,33.84,37,2706,462,1331,476,5.0719,220000
-118.11,33.84,36,1523,263,717,278,4.875,218900
-118.11,33.83,36,1784,303,964,299,4.2703,220900
-118.12,33.83,44,1712,314,691,293,4.3594,221300
-118.12,33.84,37,1242,221,565,213,4.1094,215800
-118.11,33.84,36,1463,257,722,260,4.8438,226300
-118.13,33.84,35,3008,674,1584,671,3.5465,213200
-118.14,33.84,45,1908,361,890,342,4.575,336000
-118.14,33.84,36,3002,484,1322,471,4.933,228900
-118.15,33.84,37,1508,252,635,241,3.75,221300
-118.16,33.84,36,2444,432,1199,424,4.1538,218800
-118.16,33.84,36,2831,573,1462,569,3.8646,214600
-118.16,33.84,36,2220,367,1002,351,5.0719,219500
-118.17,33.85,37,3714,708,1956,694,4.2218,200500
-118.17,33.83,45,2019,363,880,339,4.1023,217300
-118.18,33.85,40,2597,582,1285,559,3.975,213800
-118.18,33.84,35,1415,294,591,291,2.9798,315600
-118.19,33.84,44,2731,577,1396,555,4.1771,219100
-118.18,33.85,30,2548,717,2086,700,0.7007,134400
-118.18,33.85,44,1890,465,1378,430,3.8819,143200
-118.19,33.85,30,3533,1061,2678,1033,2.2417,151900
-118.19,33.85,45,1167,302,773,287,3.2798,150300
-118.2,33.84,35,3405,779,1953,671,2.7813,159200
-118.17,33.83,45,1808,315,800,302,4.8693,277700
-118.17,33.83,46,1362,214,531,222,4.3125,290500
-118.17,33.82,50,3587,693,1513,651,5.5106,252200
-118.17,33.82,52,2539,497,1152,488,4.1354,268200
-118.18,33.83,52,2569,484,1030,451,4.1301,268400
-118.18,33.82,52,2618,472,943,440,3.7895,254000
-118.18,33.82,43,284,65,167,68,4.25,207500
-118.19,33.82,19,2953,895,1914,855,3.5521,290000
-118.2,33.82,43,1758,347,954,312,5.2606,198900
-118.19,33.82,11,872,203,422,221,4.6364,156300
-118.2,33.82,34,2807,768,2217,744,2.4286,204800
-118.2,33.81,46,1388,254,742,241,4.6458,212100
-118.21,33.81,43,905,199,764,204,3.3214,162200
-118.22,33.82,17,5357,1332,3030,1266,1.9311,138100
-118.22,33.81,38,1486,359,1345,326,3.3988,147800
-118.21,33.8,41,1251,279,1053,278,3.2778,150800
-118.22,33.8,36,1285,347,1291,337,3.7708,157100
-118.21,33.79,39,1598,458,1691,399,2.3605,141800
-118.21,33.8,44,1387,280,984,302,4.25,143100
-118.2,33.79,47,767,195,569,195,2.9514,185200
-118.2,33.79,48,2105,592,1807,539,2.7183,190400
-118.2,33.8,52,1786,445,1090,430,2.8988,194900
-118.2,33.8,45,2456,495,1300,450,3.9792,210200
-118.2,33.8,52,1009,216,614,231,4.0074,200800
-118.18,33.82,43,2210,469,1042,418,3.5,216700
-118.18,33.81,27,471,132,315,96,1.75,154200
-118.16,33.79,25,5463,1265,3010,1179,3.233,199100
-118.12,33.83,45,1579,278,687,285,5.0424,225900
-118.12,33.82,43,1544,286,701,298,4.1375,226000
-118.12,33.82,42,1493,277,671,267,3.2794,224500
-118.13,33.82,44,1619,280,815,284,5.5449,232200
-118.1,33.83,36,1408,250,702,251,4.875,222500
-118.11,33.82,36,1999,390,887,379,3.8162,221900
-118.11,33.83,37,1249,202,517,189,4.4196,223100
-118.09,33.83,36,2734,448,1308,441,5.9265,227300
-118.1,33.82,36,1930,354,915,328,5.2713,244400
-118.08,33.81,20,6295,937,2292,874,7.6084,402500
-118.09,33.82,36,2219,393,1042,396,5.2299,239800
-118.1,33.81,36,1111,184,444,177,3.7031,245300
-118.1,33.81,36,856,146,451,164,5.1993,246000
-118.11,33.81,36,1252,209,558,214,3.9722,235600
-118.1,33.82,36,1946,346,871,336,5.2155,254800
-118.12,33.81,37,1798,331,860,340,4.2143,228500
-118.13,33.82,37,1530,290,711,283,5.1795,225400
-118.13,33.82,36,665,114,273,112,3.7321,223700
-118.13,33.81,36,1749,322,855,319,4.6473,227100
-118.13,33.8,36,1026,182,505,176,4.3438,233600
-118.13,33.8,36,1496,271,743,265,4.4312,226000
-118.13,33.8,41,1509,325,821,314,4.0893,223000
-118.12,33.81,36,1665,291,721,294,4.6875,250700
-118.12,33.8,36,1257,205,530,211,5.3701,251400
-118.11,33.79,36,1993,354,884,337,5.587,244900
-118.09,33.8,36,1724,322,838,328,4.4831,253900
-118.11,33.8,36,1680,291,744,280,4.66,244800
-118.11,33.8,35,1034,180,444,177,5.4602,231600
-118.1,33.78,35,4466,740,2134,743,5.7389,251800
-118.12,33.79,43,1471,301,767,311,4.3317,232400
-118.12,33.79,41,1762,314,738,300,4.1687,240700
-118.13,33.79,44,2153,375,947,364,5.0072,236200
-118.14,33.79,45,1519,263,681,267,4.6452,212500
-118.14,33.79,44,2388,619,1461,592,3.1711,215400
-118.14,33.78,44,2101,496,1038,500,3.108,217900
-118.15,33.79,25,4013,1097,2297,969,3.0453,185900
-118.15,33.78,17,1584,435,904,406,2.0875,181300
-118.16,33.78,33,2048,585,2074,597,2.0156,152700
-118.16,33.79,25,3742,1180,3916,1063,2.4,153700
-118.16,33.79,26,3061,844,2135,769,2.875,164000
-118.17,33.79,32,2171,672,3002,648,2.375,139700
-118.17,33.79,30,1349,519,2646,552,1.9318,115900
-118.17,33.79,28,1219,408,1816,348,1.7589,118300
-118.19,33.79,37,1834,551,1967,476,2.137,126600
-118.2,33.79,25,2851,968,3744,906,2.0675,116700
-118.21,33.79,33,32,18,96,36,4.5938,112500
-118.19,33.78,21,2741,1029,2924,969,1.3274,218800
-118.2,33.78,46,1889,651,1545,587,1.7064,175000
-118.2,33.78,48,1766,497,1908,466,1.9872,168800
-118.19,33.77,35,1574,603,820,514,1.2321,137500
-118.2,33.77,24,2404,819,1566,753,1.5076,145800
-118.2,33.77,52,1375,457,1089,317,2.2344,2e+05
-118.2,33.77,41,1158,396,1209,336,2.7813,129200
-118.2,33.77,42,517,233,995,212,2.225,106300
-118.19,33.76,25,1442,392,632,385,4.6629,162500
-118.19,33.77,52,1562,616,692,512,1.4048,2e+05
-118.19,33.77,21,2103,727,1064,603,1.6178,137500
-118.18,33.78,20,1852,556,1712,556,1.4565,152500
-118.19,33.78,8,992,393,694,331,2.5544,162500
-118.19,33.78,42,1021,300,533,187,1.8036,175000
-118.17,33.78,29,2920,962,3580,772,1.7393,140200
-118.17,33.78,23,3768,1261,3940,1098,1.9647,186200
-118.18,33.78,26,3042,1253,4812,1141,1.7701,146200
-118.17,33.78,44,2364,746,3184,672,1.918,147500
-118.17,33.77,36,2933,881,2077,838,2.2538,181300
-118.17,33.77,45,2508,797,1340,720,2.6786,191100
-118.17,33.77,38,2239,721,984,684,2.346,165600
-118.18,33.77,29,1776,606,1391,488,1.1295,137500
-118.18,33.77,30,1418,439,720,417,2.6371,159400
-118.18,33.74,30,5915,1750,2136,1503,4.0968,310000
-118.18,33.77,41,2048,601,852,533,2.5726,193800
-118.16,33.77,30,4439,1105,1749,1011,3.8984,306300
-118.15,33.77,39,2428,634,1312,612,2.7212,266300
-118.16,33.77,29,3078,786,1460,736,2.875,232500
-118.17,33.77,25,4405,1262,2178,1090,3.0503,225000
-118.16,33.78,15,4798,1374,3087,1212,2.127,163300
-118.16,33.78,39,4075,1085,2470,1025,2.3317,222500
-118.16,33.78,29,3684,1301,3891,1143,1.6955,179700
-118.15,33.78,13,3056,861,1600,824,3.3003,207800
-118.15,33.78,35,2768,752,1277,651,3.6193,250000
-118.14,33.78,42,1898,488,940,483,3.4107,233300
-118.15,33.77,52,2204,498,899,445,4.1765,393900
-118.14,33.76,37,3242,698,1080,629,3.901,432500
-118.16,33.72,29,2743,708,1059,651,3.625,5e+05
-118.14,33.76,50,2960,761,1179,718,3.5214,398100
-118.14,33.76,44,1633,536,741,513,3.385,408300
-118.14,33.77,52,2208,409,791,408,5.8408,5e+05
-118.14,33.76,50,914,167,322,165,4.7361,418800
-118.13,33.76,46,2834,673,1175,670,4.7875,363800
-118.13,33.76,44,2532,621,961,550,3.9352,406900
-118.33,33.34,52,2359,591,1100,431,2.8333,414700
-118.32,33.34,52,996,264,341,160,2.7361,450000
-118.29,33.95,31,2839,792,2390,729,2,109800
-118.3,33.95,27,1774,444,1622,402,2.2031,96900
-118.3,33.95,35,1182,305,977,283,1.5898,94000
-118.3,33.94,36,2041,531,1390,464,2.0114,99300
-118.29,33.94,32,2701,708,1880,590,1.6716,123800
-118.29,33.93,32,1815,488,1715,475,1.7244,111200
-118.3,33.93,35,1300,356,1216,326,1.2,99200
-118.31,33.94,40,1917,438,1021,383,2.2448,175000
-118.31,33.94,40,1550,278,798,270,3.775,153800
-118.31,33.93,43,1834,292,997,295,4.9464,150300
-118.32,33.93,37,2379,462,1327,445,4.25,172100
-118.33,33.93,37,1831,356,925,338,4.4091,148400
-118.32,33.94,38,1067,170,499,169,4.6389,183800
-118.32,33.94,36,1722,280,830,261,4.0536,189000
-118.32,33.94,36,1153,224,639,226,4,192000
-118.32,33.95,43,3819,708,1505,712,3.1719,183500
-118.32,33.95,44,2023,325,992,326,4.6667,175600
-118.32,33.95,44,2131,360,1040,330,5.0912,169800
-118.32,33.97,52,1590,302,844,295,2.7139,164900
-118.32,33.96,47,1297,292,704,264,3.3214,166500
-118.33,33.96,42,1686,361,737,319,2.3,189200
-118.35,33.97,25,1864,616,1710,575,2.2303,159400
-118.35,33.97,26,1725,431,1130,404,3.2708,128100
-118.35,33.97,26,3832,1074,2340,904,2.6734,143400
-118.35,33.98,42,3081,680,1785,609,3.745,170800
-118.34,33.98,47,2649,684,2374,607,2.3882,137700
-118.34,33.98,40,2108,526,1922,544,3.163,137800
-118.35,33.96,21,2714,881,1549,853,1.2094,157500
-118.34,33.95,25,3762,1281,4015,1178,2.1587,143800
-118.35,33.95,42,1779,431,1507,380,2.8892,159800
-118.35,33.95,45,1076,213,781,238,3.95,164000
-118.36,33.95,42,1116,303,1082,299,3.7237,170800
-118.36,33.96,21,1802,556,1286,557,2.7284,146900
-118.36,33.96,26,3543,1055,2742,951,2.5504,151300
-118.36,33.95,26,3231,1089,3193,1020,2.6535,177200
-118.36,33.98,45,1559,305,891,341,4.4038,259400
-118.36,33.98,46,1425,283,782,273,5.057,246300
-118.36,33.97,18,1284,283,990,289,4.0179,195800
-118.37,33.97,21,3616,1060,2515,945,2.7464,153100
-118.36,33.96,37,2146,573,2009,592,3.6583,177300
-118.37,33.96,26,138,23,100,20,4.875,175000
-118.37,33.95,35,924,349,1376,358,2.2297,262500
-118.36,33.95,42,1139,302,1283,306,4.1635,163900
-118.36,33.94,38,2169,688,3036,639,2.3125,148500
-118.37,33.94,29,2265,813,3425,781,2.3675,149400
-118.36,33.93,30,1132,347,1433,341,2.68,170000
-118.34,33.93,36,1528,486,1824,470,2.2679,153900
-118.35,33.93,35,1050,252,918,236,1.7344,146900
-118.35,33.94,38,1794,508,2188,454,2.6654,142200
-118.35,33.94,42,1028,278,1369,261,3.3125,144600
-118.35,33.93,26,3156,857,2394,787,3.01,191900
-118.35,33.93,25,2260,692,1603,673,2.11,223300
-118.35,33.92,29,736,232,584,231,3.6167,2e+05
-118.36,33.93,19,3103,918,2033,738,2.6961,212500
-118.37,33.92,44,938,181,502,171,4.4722,218300
-118.37,33.93,46,1130,201,503,196,4.4861,246300
-118.36,33.93,44,520,116,392,106,3.0132,202500
-118.36,33.91,41,2048,439,1191,429,3.8,222500
-118.36,33.9,42,1935,388,1136,379,4.74,230000
-118.37,33.91,35,1742,283,812,282,5.6704,303700
-118.38,33.91,36,2904,515,1463,534,5.8374,289600
-118.35,33.91,31,2583,663,1675,612,3.5234,265000
-118.35,33.91,28,2108,534,1485,536,4.0775,241400
-118.35,33.91,25,1884,554,1337,549,2.8512,272800
-118.35,33.91,32,1660,366,928,398,4.3187,269700
-118.35,33.91,34,2055,448,1134,408,3.825,235400
-118.35,33.9,32,1056,225,565,231,3.9485,230000
-118.33,33.92,23,969,288,670,251,3.267,185400
-118.34,33.91,17,3724,1023,2536,971,3.2649,202100
-118.33,33.91,35,1092,302,962,297,3.5903,183300
-118.34,33.91,8,3937,1404,2691,1142,2.4741,185700
-118.34,33.92,6,1047,271,740,248,3.425,193800
-118.33,33.91,8,10731,3335,7211,3028,2.455,192700
-118.31,33.91,36,961,173,625,179,4.2596,181100
-118.32,33.91,35,940,197,640,215,4.2,181300
-118.32,33.91,34,3041,677,1920,640,4.5304,181300
-118.32,33.91,34,1068,198,757,231,5.7528,180500
-118.31,33.92,35,1307,246,672,219,4.8456,146400
-118.32,33.92,35,1281,219,710,184,4.8304,152800
-118.29,33.92,34,1799,362,1293,355,3.692,145200
-118.29,33.92,34,1374,240,906,248,5.3292,155500
-118.3,33.92,34,2053,382,1258,380,3.0139,154700
-118.3,33.91,34,1617,493,1530,500,2.6182,172600
-118.29,33.9,27,1013,394,1067,400,1.7714,159400
-118.3,33.9,13,2455,661,1975,618,2.9559,173600
-118.3,33.9,19,2421,689,1726,660,3.287,181400
-118.3,33.89,30,2756,858,1806,787,3.0329,207800
-118.3,33.89,37,2132,565,1369,565,3.285,218100
-118.31,33.9,38,1400,399,1131,405,3.5417,198400
-118.29,33.89,33,2138,567,1072,528,2.7428,208900
-118.29,33.88,36,1751,438,1175,419,3.0739,218600
-118.3,33.87,27,3144,722,1510,680,3.1597,214700
-118.3,33.88,29,850,229,563,204,3.7375,247700
-118.3,33.88,30,1348,333,885,322,3.2574,195300
-118.3,33.88,35,3227,749,1881,696,2.8445,242100
-118.32,33.9,36,1741,412,1245,423,4.1344,210300
-118.32,33.9,37,1664,401,1316,409,3.0526,216400
-118.32,33.89,45,1928,453,1323,458,4.2813,210100
-118.32,33.89,34,2675,560,1270,492,4.5053,242000
-118.34,33.9,36,1342,259,706,261,4.1776,236600
-118.33,33.89,39,1880,361,982,357,4.1953,226900
-118.35,33.9,13,2887,853,2197,800,2.8777,207900
-118.35,33.9,31,1547,344,956,287,3.4698,225000
-118.35,33.89,29,2940,708,2175,684,3.6486,229000
-118.35,33.89,34,1740,387,1249,375,4.1552,233900
-118.36,33.9,41,1355,349,655,329,2.9551,205000
-118.36,33.89,37,1719,426,1266,424,3.375,228000
-118.36,33.89,34,760,174,723,198,5.3169,227600
-118.36,33.88,28,1313,319,827,308,2.65,260800
-118.36,33.88,22,1388,336,930,287,2.7981,275000
-118.35,33.89,25,1769,440,1371,414,3.0833,232700
-118.35,33.88,36,1583,411,1097,350,4.0737,238200
-118.34,33.88,42,725,183,493,172,3.2589,233300
-118.35,33.88,25,1459,362,1150,354,3.35,237500
-118.3,33.74,40,1896,416,950,383,2.425,255000
-118.3,33.74,28,1065,215,887,217,3.9375,270500
-118.39,33.92,41,80,20,61,23,5.25,247200
-118.4,33.92,32,2828,629,1313,534,4.5987,363800
-118.41,33.92,32,2590,607,1132,555,4.2333,358000
-118.41,33.92,22,2340,584,1141,554,4.5729,337500
-118.41,33.92,29,1436,401,674,343,3.6389,275000
-118.42,33.92,41,1621,279,756,277,5.0594,346000
-118.4,33.9,34,2674,435,1087,431,7.3151,492200
-118.4,33.9,38,2868,466,1098,438,7.9059,477100
-118.38,33.89,35,1778,330,732,312,6.5745,379300
-118.36,33.89,40,756,122,371,130,5.0299,329200
-118.37,33.88,44,1325,245,669,253,4.4211,324000
-118.38,33.88,33,1313,244,561,217,5.2999,359400
-118.37,33.89,21,2696,548,1142,473,5.6091,356800
-118.36,33.88,31,2518,543,1107,508,4.7404,295800
-118.37,33.87,19,757,148,361,141,6.02,304200
-118.37,33.88,27,1688,331,811,327,4.5357,334200
-118.38,33.87,27,2287,491,1101,466,4.675,316900
-118.38,33.88,27,3039,606,1421,564,5.5771,345500
-118.36,33.87,17,1082,291,598,281,3.9868,281900
-118.37,33.87,18,2516,485,1128,433,5.0114,338600
-118.37,33.87,13,2907,726,1573,694,3.5048,294000
-118.36,33.86,37,1768,314,802,290,5.0784,295900
-118.37,33.86,28,2685,581,1243,529,4.119,324000
-118.37,33.87,23,1829,331,891,356,6.5755,359900
-118.38,33.87,17,2791,579,1467,583,5.7415,321900
-118.38,33.87,23,2387,418,1008,415,5.8518,337900
-118.38,33.86,12,4235,735,1798,683,6.4242,365500
-118.38,33.86,29,2787,475,1182,444,6.7613,352700
-118.38,33.86,15,1778,311,908,330,7.674,329300
-118.38,33.87,33,1993,371,918,361,6.9021,337600
-118.38,33.88,39,1489,282,743,270,4.8611,456100
-118.38,33.88,36,2501,443,1031,422,4.75,442100
-118.39,33.86,34,2361,442,915,437,5.687,392400
-118.39,33.86,24,2386,582,1152,568,4.8971,400700
-118.38,33.85,31,3533,729,1647,679,5.5843,384600
-118.39,33.85,24,4373,871,1830,824,5.7128,366200
-118.39,33.85,17,1610,379,670,341,4.3594,349000
-118.38,33.84,25,5775,1149,2637,1117,5.4968,379800
-118.38,33.84,26,2869,567,1157,538,6.0382,355300
-118.32,33.87,28,3763,762,1967,724,5.3244,271900
-118.34,33.87,28,4605,1188,2558,1093,3.6988,266600
-118.34,33.88,31,3122,727,1885,715,3.8657,298400
-118.31,33.87,27,3348,695,1545,625,4.7543,296300
-118.32,33.87,35,2380,404,1212,422,5.6254,283800
-118.33,33.86,36,854,160,473,150,6.3992,259600
-118.34,33.87,28,2948,566,1445,524,5.3743,286500
-118.35,33.87,34,2823,500,1429,483,5.5,279600
-118.35,33.87,28,2319,579,1369,564,3.6169,257000
-118.34,33.84,36,1561,252,740,253,6.2778,309700
-118.34,33.83,34,1761,329,965,329,5.399,358500
-118.34,33.83,35,1818,353,853,321,5.8972,350900
-118.36,33.86,37,1249,218,583,214,5.7422,330700
-118.35,33.85,34,1770,291,916,289,5,354200
-118.36,33.86,36,681,122,360,128,5.2799,332600
-118.37,33.85,34,2415,404,1278,414,6.1599,341200
-118.35,33.84,22,13133,3680,7180,3522,3.5414,354700
-118.36,33.84,22,11016,3170,6664,2838,3.703,361300
-118.37,33.85,29,3662,586,1626,611,6.3974,410000
-118.37,33.84,27,3245,605,1572,556,5.3773,379000
-118.35,33.83,36,1102,193,522,172,6.1187,342000
-118.37,33.84,35,1792,322,978,326,4.9583,342800
-118.36,33.83,35,1378,247,645,217,5.9143,343400
-118.32,33.85,42,3146,770,1859,740,3.5073,234800
-118.32,33.83,51,2399,516,1160,514,3.8456,318900
-118.32,33.84,42,1486,420,897,377,1.6228,376100
-118.31,33.82,35,3462,814,1902,700,3.402,279900
-118.32,33.83,19,3792,790,2105,834,5.2363,310000
-118.31,33.82,39,2198,425,1160,436,4.1406,323700
-118.31,33.81,30,1773,356,905,352,4.3056,336000
-118.32,33.82,25,2587,512,1219,509,4.4271,382100
-118.32,33.82,22,2508,402,1254,395,7.0935,379500
-118.32,33.81,27,2113,380,1109,360,4.7062,357000
-118.33,33.82,26,5591,934,2824,939,6.5861,417800
-118.34,33.8,25,4177,832,2123,789,5.0814,446800
-118.35,33.82,28,7591,1710,3420,1635,4.0708,328900
-118.37,33.82,39,2794,444,1319,441,5.878,387800
-118.36,33.82,26,5166,1313,2738,1239,3.3565,360800
-118.36,33.82,28,67,15,49,11,6.1359,330000
-118.38,33.81,33,2349,407,954,373,6.4956,483600
-118.38,33.81,20,1975,306,703,292,8.5491,410300
-118.37,33.81,33,5057,790,2021,748,6.8553,482200
-118.39,33.81,35,1008,165,391,167,3.7778,487500
-118.33,33.79,29,4389,873,2069,901,4.1071,365600
-118.34,33.8,33,2194,469,987,397,5.0951,318900
-118.31,33.8,29,2795,572,1469,557,3.7167,308900
-118.31,33.79,35,2290,563,1374,530,3.2472,254700
-118.32,33.79,35,2924,658,1675,602,3.8287,279900
-118.32,33.79,32,2381,467,1264,488,4.1477,315100
-118.31,33.79,38,1601,352,711,304,3.3958,250000
-118.32,33.79,21,6638,1634,3240,1568,3.6797,271100
-118.38,33.77,17,10950,2207,4713,2043,6.3064,418300
-118.31,33.77,20,5776,956,2757,936,6.6447,416800
-118.31,33.76,26,4486,709,1873,719,6.5704,414700
-118.31,33.75,36,2715,474,1303,457,4.6042,357300
-118.31,33.75,34,2338,393,1031,373,6.287,396400
-118.34,34.09,37,1442,501,998,503,2.4432,2e+05
-118.35,34.09,35,1989,634,1108,593,1.6081,288900
-118.35,34.09,35,2705,785,1526,793,3.0349,266700
-118.35,34.09,35,2234,689,1334,662,2.5444,236100
-118.36,34.09,36,1616,465,773,429,2.6,313600
-118.36,34.09,30,2353,728,1365,718,2.0702,283300
-118.36,34.09,28,1111,300,526,294,2.6136,383300
-118.37,34.09,38,1349,344,547,309,3.2159,383300
-118.37,34.09,31,6348,1827,2559,1755,3.2818,225000
-118.37,34.09,24,630,172,257,147,5.5224,4e+05
-118.38,34.08,52,1479,360,652,346,2.945,431400
-118.39,34.08,52,1244,304,444,282,3.5114,430800
-118.38,34.08,48,1226,288,370,264,3.9375,450000
-118.39,34.09,27,4312,1214,1634,1097,3.6207,362500
-118.39,34.09,28,2347,608,785,548,4.4167,425000
-118.39,34.08,28,833,230,349,210,3.067,375000
-118.49,34.03,30,4061,927,1487,865,4.1827,435100
-118.49,34.03,31,4949,1293,1985,1244,4.252,436700
-118.5,34.02,35,2914,934,1334,870,2.9934,350000
-118.49,34.03,32,3851,900,1456,836,4.5208,442100
-118.47,34.03,32,3024,784,1323,740,3.3889,347900
-118.46,34.03,27,1965,631,1042,596,2.75,327300
-118.46,34.03,39,1244,283,886,284,3.125,325000
-118.46,34.02,29,2329,833,1953,800,2.6639,233300
-118.48,34.02,25,1583,460,983,422,2.7019,293800
-118.49,34.02,28,1394,582,716,543,1.5132,450000
-118.48,34.01,31,2851,804,1410,782,4.0893,381500
-118.48,34.01,30,3078,954,1561,901,3.4852,425000
-118.48,34,29,1727,479,741,431,3.6121,5e+05
-118.47,34.01,41,2704,557,1047,478,4.4211,462900
-118.48,34.01,40,2198,611,1023,567,3.755,398300
-118.47,34.01,41,752,201,482,207,2.5417,418200
-118.47,34.01,44,2017,343,958,382,6.1014,480100
-118.47,34.01,27,1782,471,837,422,3.7727,413000
-118.46,34.02,45,3803,970,1690,871,3.0476,456200
-118.37,34.03,39,213,44,138,52,2.125,196400
-118.38,34.03,44,1913,441,1295,432,3.9537,266400
-118.39,34.02,45,1577,421,1042,375,3.4375,314500
-118.39,34.01,25,1101,285,543,294,2.3571,340600
-118.4,34.01,44,1494,262,618,266,5.4035,356300
-118.4,34.02,40,593,137,371,132,4.6932,332800
-118.39,34,40,1565,269,826,268,5.2035,485700
-118.39,33.99,32,2612,418,1030,402,6.603,369200
-118.39,33.99,43,612,135,402,142,5.1322,314900
-118.39,34,35,1465,386,1104,345,4.056,339100
-118.4,33.99,36,1280,240,704,217,5.9632,328100
-118.4,34.01,48,1427,253,693,268,5.7405,351600
-118.41,34.01,44,2010,394,961,365,4.5982,333500
-118.41,34,37,1426,259,689,261,5.5284,331000
-118.41,34.01,43,2000,529,1290,514,4.7031,302500
-118.42,34,33,1139,299,734,257,3.2708,325000
-118.43,34,37,1340,358,1008,340,3.7614,314300
-118.44,33.99,44,305,72,156,70,5.9641,275000
-118.38,33.99,21,11308,3039,5127,2839,4.6277,228300
-118.37,33.99,32,4018,564,1400,568,8.6718,439100
-118.35,34,46,3402,503,1389,504,5.3462,270400
-118.36,33.99,45,2005,368,909,364,4.6406,268900
-118.35,33.99,45,1764,401,679,334,3.2021,222100
-118.34,34,44,3183,513,1183,473,5.0407,314900
-118.34,34,49,2863,411,1108,406,5.8993,313300
-118.34,33.99,47,1107,199,437,178,3.7344,179400
-118.34,33.99,48,1172,205,497,190,3.825,183000
-118.35,34,40,2894,395,1063,409,6.939,372000
-118.6,34.13,20,14291,1934,5452,1875,9.1232,472000
-118.6,34.08,40,866,181,399,176,6.91,380000
-118.6,34.07,16,319,59,149,64,4.625,433300
-118.63,34.11,35,3795,690,1521,653,5.8735,448100
-118.75,34.1,34,2255,402,857,317,4.5333,377300
-118.8,34.15,9,1143,179,647,180,6.8474,356700
-117.84,34.63,5,6739,1251,4614,1266,4.002,115100
-118.09,34.74,34,1218,285,797,248,2.4348,104800
-118.12,34.69,17,2479,390,1219,363,4.6417,125700
-118.12,34.68,12,5319,875,2439,779,4.6629,131500
-118.13,34.68,28,718,124,347,121,4.025,102600
-118.1,34.65,33,873,177,425,142,2.67,187500
-118.1,34.7,5,10356,1647,4562,1427,4.9806,141100
-118.09,34.7,6,4558,804,1543,563,2.8548,138500
-118.1,34.71,16,3914,819,1524,795,2.415,137500
-118.12,34.71,26,4230,823,2789,793,2.5179,104000
-118.12,34.71,46,40,10,14,7,1.125,225000
-118.13,34.69,32,3670,765,1986,673,3.682,108800
-118.12,34.69,27,3019,501,1580,523,3.7804,113500
-118.14,34.68,31,2666,662,1337,602,2.4432,101100
-118.14,34.69,35,2118,374,1108,360,3.4327,100300
-118.14,34.68,33,2815,485,1447,489,4.2679,119600
-118.16,34.68,17,2994,832,1571,695,2.5902,85400
-118.15,34.69,32,1300,234,712,249,3.25,107500
-118.16,34.68,9,4303,900,2240,861,3.7807,110900
-118.16,34.71,27,6007,998,2680,882,4.1719,117200
-118.14,34.71,33,2347,461,1482,374,2.8194,93000
-118.14,34.7,36,1205,317,678,290,2.0182,98400
-118.14,34.7,12,1984,614,1071,574,1.2532,102100
-118.15,34.7,36,2696,454,1192,452,3.9615,116300
-118.16,34.7,33,2918,494,1365,478,4.8787,127700
-118.14,34.69,34,1439,327,708,298,3.2699,1e+05
-118.28,34.76,19,3430,601,1817,571,4.7875,163600
-118.19,34.77,16,2035,370,704,330,2.1979,146400
-118.17,34.69,12,4881,803,2188,724,4.1667,171900
-118.17,34.67,5,8352,1555,3723,1389,4.5659,140300
-118.19,34.65,33,1781,326,913,314,3.9963,126800
-118.22,34.67,28,2357,408,1162,384,4.3636,179700
-118.23,34.66,25,2627,387,1059,338,3.6382,138200
-118.21,34.65,17,4001,814,2313,756,3.0441,140100
-118.32,34.62,31,1398,273,884,299,4.8409,264900
-118.38,34.58,18,1859,375,913,372,4.3456,148900
-117.92,34.63,34,81,26,53,14,1.4091,137500
-117.93,34.57,5,5613,1060,3569,999,3.1946,132700
-118.09,34.63,31,1537,416,1239,397,1.9722,99200
-118.02,34.62,38,248,55,261,53,2.1413,96900
-118.18,34.63,19,3562,606,1677,578,4.1573,228100
-118.17,34.61,7,2465,336,978,332,7.1381,292200
-118.15,34.59,33,2111,429,1067,397,3.7344,111400
-118.14,34.57,6,9882,1892,4892,1621,3.7636,167600
-118.1,34.58,29,2843,603,1517,573,2.6658,106900
-118.06,34.58,36,1493,258,899,260,3.86,109300
-118.08,34.58,12,3851,857,2169,811,3.0101,116300
-118.07,34.56,5,10264,1821,5871,1790,4.2329,145500
-118.07,34.51,14,2798,459,1236,404,4.8667,239900
-118.35,34.52,14,3490,592,1710,580,5.9171,333300
-118.26,34.5,6,5813,908,2275,790,4.7778,340400
-117.89,34.49,12,3449,598,1502,540,3.7043,150800
-117.79,34.45,18,2986,597,1355,472,3.2765,165000
-118.5,34.45,25,1290,190,689,216,6.0097,220200
-118.5,34.52,3,6577,1056,3032,1004,5.9263,251800
-118.48,34.47,36,84,12,29,17,3.375,187500
-118.5,34.46,17,10267,1683,4956,1483,5.5061,239400
-118.52,34.44,26,934,148,519,162,5.3209,185000
-118.53,34.44,19,3013,507,1356,484,5.1163,233200
-118.53,34.45,26,828,149,508,158,5.2374,185500
-118.52,34.46,5,15341,2527,7270,2320,6.1281,236200
-118.51,34.43,15,8510,1258,3733,1233,6.1082,253700
-118.44,34.5,5,1514,220,1355,215,8.1344,359000
-118.49,34.42,23,4166,756,2082,743,4.4107,213400
-118.48,34.42,21,1375,259,728,258,5.0166,229000
-118.43,34.42,13,3600,580,1799,576,6.2971,218300
-118.55,34.44,14,15348,2366,7087,2169,6.3277,237700
-118.56,34.42,2,966,270,233,169,1.9667,450000
-118.61,34.59,5,4028,896,2062,826,4.0579,167100
-118.61,34.31,4,1949,458,868,398,5.0151,285200
-118.52,34.39,21,5477,1275,3384,1222,3.6625,228100
-118.53,34.38,18,2288,607,2305,597,3.227,136100
-118.52,34.4,5,7748,1557,4768,1393,5.305,311200
-118.54,34.37,27,2051,301,917,287,7.6059,323700
-118.55,34.37,21,7010,1063,3331,1038,6.776,278100
-118.55,34.41,8,21086,3945,9936,3790,5.8602,265100
-118.55,34.39,16,8726,1317,3789,1279,6.8419,323300
-118.61,34.38,2,5989,883,1787,613,6.6916,329500
-117.86,34.24,52,803,267,628,225,4.1932,14999
-118.12,34.23,52,433,69,147,53,3.9583,162500
-118.38,34.3,39,1622,355,903,314,4.1125,183000
-118.29,34.36,34,503,99,275,68,4.5491,375000
-119.56,37.29,14,2391,451,798,308,3.0924,114600
-119.66,37.39,10,2106,410,1003,397,2.7813,124100
-119.68,37.35,13,2307,386,925,347,3.1326,119800
-119.65,37.32,11,2161,448,820,405,2.3565,122300
-119.91,37.23,17,2171,389,1042,375,3.625,94400
-119.77,37.19,8,5212,872,2383,857,4.1099,113600
-119.67,37.27,13,5087,981,2284,913,2.7413,123100
-120.35,37.04,37,1495,292,858,275,2.9306,46300
-120.16,37.12,29,1995,392,1261,354,1.9073,79200
-120.27,37.11,18,1277,234,674,238,2.6694,75900
-120.25,37.11,20,2062,466,1285,456,1.5319,50500
-120.27,37.12,42,1142,236,597,210,1.7279,52300
-120.27,37.12,36,1219,258,639,245,1.9464,57000
-120.27,37.12,17,3328,628,1580,619,2.9861,81500
-120.26,37.13,33,1239,250,648,227,2.0278,58800
-120.29,36.88,34,1391,297,943,281,2.4219,83900
-120.06,36.94,19,901,183,700,190,2.2375,64300
-120.05,36.95,18,2287,534,1339,505,2.2527,65200
-120.11,36.96,17,3344,570,1624,536,3.8952,95300
-120.09,37,11,3761,675,2374,673,3.4598,74600
-119.94,37.04,14,1636,253,766,225,3.125,88500
-120.09,37.02,9,1608,297,1057,295,3.7143,81600
-120.02,36.95,25,2115,482,1976,474,1.8431,53900
-119.9,36.94,11,2513,408,1360,415,4.277,98500
-119.88,36.93,12,3174,520,1590,488,4.5347,101200
-120.07,36.98,12,1790,379,1399,397,2.5388,59600
-120.06,36.97,38,1542,364,1220,334,1.625,52800
-120.07,36.97,28,1563,403,1564,408,1.5662,48000
-120.07,36.97,27,968,240,587,231,1.6071,55000
-120.06,36.97,35,1859,428,1208,399,1.4044,61700
-120.05,36.95,31,696,254,913,248,1.4,52500
-120.06,36.96,44,1288,295,723,287,1.6534,61400
-120.07,36.96,42,963,216,471,211,2.2898,66100
-120.07,36.96,32,1268,283,549,273,1.4511,65200
-120.04,36.95,36,1528,347,1334,304,1.3594,48300
-119.81,36.92,14,4795,710,2047,640,4.665,121300
-122.62,38.15,14,2259,341,1127,346,6.4092,334900
-122.58,38.15,9,1302,177,682,190,7.5,423200
-122.57,38.11,32,3521,748,1706,723,3.4705,228600
-122.59,38.12,25,7784,1145,3445,1166,6.0132,287900
-122.58,38.12,13,5027,871,1912,770,4.9286,309500
-122.65,38.11,21,3891,616,1968,632,5.5524,279200
-122.58,38.1,22,11872,2300,5600,2200,4.6463,276300
-122.58,38.08,27,10839,1637,4406,1623,5.615,285600
-122.55,38.07,5,1495,235,555,201,6.7232,345000
-122.55,38.07,38,3392,709,1894,713,3.0573,350800
-122.41,38.07,20,4536,708,1812,701,6.0433,435900
-122.53,38.01,16,1495,292,472,284,3.4432,67500
-122.44,38.03,13,4284,1042,2146,937,4.1289,179200
-122.49,38,26,48,8,19,8,7.7197,4e+05
-122.55,38.03,29,7174,1169,3063,1172,6.0902,293200
-122.59,38.04,25,3412,455,1238,406,8.3646,397300
-122.57,38.02,33,9531,1487,3798,1409,5.6512,314000
-122.56,38.01,21,2144,400,840,398,4.6,239500
-122.55,38.01,27,3966,577,1657,611,6.3314,342200
-122.54,38,28,3416,826,1694,800,3.18,277000
-122.52,37.98,31,6555,1571,2962,1464,2.8903,324200
-122.54,37.98,52,1758,316,607,264,5.5083,371900
-122.55,37.98,31,3807,828,1581,795,3.293,337500
-122.51,37.99,32,4138,632,1541,626,5.5791,433300
-122.47,37.99,22,7274,1002,2468,957,7.494,439200
-122.53,37.97,52,205,119,228,132,1.9063,2e+05
-122.53,37.97,52,1560,451,700,419,2.5125,270800
-122.53,37.97,44,3595,953,1831,910,2.6036,287500
-122.52,37.97,33,563,194,265,169,2.75,231300
-122.52,37.96,35,2012,346,818,352,5.2818,331000
-122.53,37.96,35,908,194,413,197,3.9917,290800
-122.68,38.01,41,1865,392,825,369,4.2011,255400
-122.7,38.03,42,1410,308,624,292,4.1379,309100
-122.65,38.01,40,1428,280,708,255,5.0766,305400
-122.59,37.97,46,4036,856,1872,833,4.5625,275200
-122.61,37.99,40,7737,1488,3108,1349,4.4375,289600
-122.62,37.97,52,370,62,150,56,7.7006,316700
-122.59,37.99,36,4869,871,1899,827,4.1659,302000
-122.6,38,21,2198,462,1100,449,4.1098,246600
-122.59,38.01,35,8814,1307,3450,1258,6.1724,414300
-122.58,37.98,52,1180,216,467,197,4.9615,292200
-122.56,37.97,52,1833,324,735,306,4.6944,398900
-122.52,37.95,33,4448,631,1675,628,7.8904,468800
-122.53,37.95,22,7446,1979,2980,1888,3.5838,271300
-122.54,37.93,43,2998,470,970,430,5.5385,431800
-122.54,37.94,26,3990,804,1550,792,5.1834,405500
-122.52,37.93,34,2782,502,1219,507,5.0779,333900
-122.51,37.92,32,2622,541,1022,464,3.7647,375000
-122.53,37.92,42,1741,301,723,306,5.5379,410500
-122.53,37.92,45,1530,324,608,328,3.875,390800
-122.52,37.92,47,793,163,334,151,5.8509,317800
-122.5,37.92,32,2639,415,1013,408,6.1632,349200
-122.5,37.92,30,2270,359,974,351,5.5926,300900
-122.48,37.93,16,2947,802,1385,743,3.6731,318000
-122.54,37.91,48,2924,489,1159,505,5.6302,489000
-122.52,37.91,30,4174,739,1818,705,5.5951,402900
-122.52,37.9,16,1704,402,689,348,4.4239,267100
-122.55,37.9,34,1431,224,503,220,7.9606,453400
-122.56,37.9,48,1550,253,641,276,8.634,463500
-122.56,37.9,36,1760,283,562,246,6.7546,402400
-122.53,37.89,35,4127,689,1596,707,5.9073,400400
-122.56,37.9,24,221,41,75,38,5.1292,362500
-122.51,37.87,21,3904,980,1949,919,2.862,258400
-122.5,37.87,17,4333,947,1650,919,6.3066,346100
-122.49,37.86,52,2175,510,809,503,4.5398,442000
-122.52,37.88,52,176,50,88,46,3.8068,275000
-122.66,37.93,42,1505,324,553,277,4.1792,350000
-122.69,37.91,43,1730,326,629,279,4.3194,238700
-122.86,38.1,44,2602,509,691,343,4.3125,261500
-122.96,38.26,20,1982,358,308,132,3.1429,240900
-122.81,38.08,19,1615,366,815,337,3.4609,238800
-120.02,37.57,17,2116,425,909,319,2.7188,113100
-119.99,37.51,14,2878,617,1011,509,1.398,103800
-119.98,37.43,12,2776,592,1236,489,2.5551,105000
-120.31,37.64,11,2403,497,890,344,3,120800
-119.81,37.67,24,172,42,79,30,3.8333,93800
-119.72,37.46,13,1999,375,750,308,2.875,96000
-119.85,37.39,14,2744,555,1153,474,2.753,111100
-119.55,37.75,30,2165,536,1500,414,3.5391,55900
-123.24,39.81,25,1435,304,746,259,1.7788,57900
-123.47,39.8,18,2130,545,863,346,2.3571,79200
-123.58,39.66,15,1839,489,887,332,2.2429,1e+05
-123.8,39.46,35,1718,345,698,299,2.9243,131600
-123.8,39.44,52,1533,336,754,340,1.9213,95000
-123.38,39.37,18,3946,813,1899,730,2.6424,124600
-123.35,39.42,18,1619,346,904,295,2.1625,77200
-123.36,39.41,46,1748,362,808,330,2.9183,76900
-123.11,39.32,20,2745,504,1421,430,3.3431,137500
-123.18,39.26,25,3066,570,1558,535,3.788,134200
-123.36,39.25,17,1087,254,522,202,2.5875,144500
-123.21,39.2,17,3145,693,1560,647,2.2926,149300
-123.19,39.21,22,1542,291,821,285,3.5917,118800
-123.2,39.23,26,786,168,494,161,2.3583,105400
-123.81,39.34,17,1981,371,773,325,3.1563,277000
-123.81,39.31,23,2754,577,887,432,3.3654,225000
-123.73,39.17,20,4620,1042,1745,794,2.375,158800
-123.53,38.93,38,1706,355,506,211,2.5625,165600
-123.69,38.9,17,2206,478,1140,428,2.1985,95300
-123.34,39.1,24,5372,1051,3002,992,3.0652,131100
-123.21,39.07,17,1890,342,877,312,3.7833,159800
-123.22,39.16,32,1149,187,499,208,3.6587,154600
-123.21,39.15,52,1370,258,617,228,2.55,112900
-123.21,39.13,27,1531,266,822,234,4.0469,127400
-123.2,39.16,14,1908,484,1195,467,1.7929,82300
-123.19,39.15,16,2577,495,1232,488,2.6012,125600
-123.1,39.15,32,1143,208,454,188,3.8333,116100
-123.17,39.18,14,2240,327,1030,308,5.9585,214900
-123.16,39.13,33,1320,303,1048,303,1.7813,94700
-120.68,37.47,33,1028,226,658,197,2.3043,66300
-120.77,37.42,27,949,224,888,241,2.3333,72800
-120.79,37.43,17,2534,517,1764,502,2.8519,80700
-120.79,37.41,35,2436,466,1730,469,2.2071,85900
-120.71,37.39,11,1479,341,1476,327,3.2721,73800
-120.71,37.39,40,680,160,785,175,2.6058,72700
-120.74,37.33,30,2390,470,1409,428,2.1484,81300
-120.72,37.38,22,1311,319,1455,340,2.2813,67300
-120.86,37.4,17,3511,636,1904,617,3.1111,113900
-120.64,37.38,19,2256,449,1469,435,2.5129,84600
-120.6,37.36,27,2521,484,1307,456,3.0911,86900
-120.63,37.36,16,1605,282,866,284,4.0694,110200
-120.62,37.36,15,3455,729,2014,659,3.2656,83500
-120.62,37.37,8,2608,428,1530,435,3.968,102100
-120.59,37.36,11,3946,978,2814,953,2.0179,87300
-120.6,37.35,34,1722,316,904,315,2.4653,66100
-120.61,37.35,34,1900,401,1009,385,2.2222,75000
-120.62,37.35,20,1457,372,1000,346,1.4615,69200
-120.6,37.34,34,1830,431,1304,415,2.1182,68900
-120.57,37.35,18,704,176,520,154,3.003,101300
-120.6,37.35,19,3874,676,2441,707,3.2955,88600
-120.59,37.35,15,3249,613,1569,595,3.5393,88000
-120.55,37.32,21,1410,229,590,205,3.3194,141400
-120.5,37.37,18,8606,1678,5303,1644,2.4012,79700
-120.41,37.16,21,1684,341,1052,312,2.0809,95800
-120.51,37.32,13,2109,477,1108,466,2.3099,89600
-120.5,37.32,13,1936,384,1158,367,2.75,83200
-120.47,37.32,15,3952,984,2024,1026,2.558,121600
-120.48,37.34,8,6146,1017,2821,987,4.67,127600
-120.45,37.32,21,1318,202,618,197,4.8214,117800
-120.45,37.32,19,3136,466,1631,484,3.6471,101400
-120.46,37.33,4,786,116,368,109,6.3215,138200
-120.46,37.33,17,6111,1171,2950,1104,3.2852,98800
-120.44,37.31,16,3369,532,1770,574,5.2662,126200
-120.45,37.31,20,4379,753,2055,716,3.7652,133500
-120.46,37.31,26,3170,572,1524,565,3.48,95300
-120.5,37.31,36,2162,433,1048,451,2.6797,81800
-120.48,37.3,39,1015,356,875,313,1.5,67000
-120.49,37.3,50,985,309,621,250,1.3125,60900
-120.46,37.31,35,2042,378,953,356,2.7344,87800
-120.47,37.3,40,3693,771,2102,742,2.1838,75000
-120.46,37.3,36,3346,739,2151,713,2.3095,68300
-120.49,37.3,35,1313,324,1350,343,1.75,57600
-120.49,37.29,17,2414,594,2487,582,1.0955,62700
-120.44,37.28,12,2855,598,1658,586,2.3929,81100
-120.44,37.29,18,1260,268,576,263,1.7222,101500
-120.46,37.29,30,2972,635,1940,590,2.3594,72300
-120.43,37.35,15,1613,203,673,213,5.9378,212200
-120.4,37.3,28,1401,292,967,257,1.5917,89400
-120.3,37.34,33,993,186,556,175,2.4286,103600
-120.31,37.29,40,1542,341,1283,341,1.6929,55900
-120.25,37.23,34,1656,328,1110,332,2.1845,59900
-121,37.25,31,1923,341,806,349,3.1738,97600
-121.01,37.25,16,2216,458,1135,424,2.7316,97500
-121.06,37.18,30,2603,507,1491,473,3.0909,123400
-121.02,36.94,33,1541,313,880,272,2.5074,117700
-120.85,37.07,16,1795,362,1642,340,2.5363,86300
-120.84,37.07,24,1520,335,882,306,2.2019,1e+05
-120.84,37.06,14,1506,380,1096,352,1.1301,78500
-120.85,37.06,31,2609,645,1796,629,1.5479,82000
-120.85,37.05,32,2893,481,1198,466,3.1719,140600
-120.84,37.05,8,1944,283,814,276,5.3988,165500
-120.79,37.08,9,97,20,91,22,2.9063,55000
-120.83,37.07,16,3736,761,1942,730,2.5598,120200
-120.82,37.05,15,1385,288,775,255,1.933,140600
-120.65,37.09,22,886,173,595,161,2.4398,150000
-120.65,36.98,26,1787,364,1548,362,1.7188,49500
-120.63,36.98,20,2380,489,1581,505,2.0595,61300
-120.64,36.99,23,2363,449,1168,410,2.2794,75700
-120.62,36.99,32,2455,508,1344,492,1.9732,69400
-120.67,37.37,18,164,30,104,32,1.6607,87500
-121.16,41.78,42,2918,576,1182,440,2.1434,44000
-121.18,41.31,22,2124,432,829,313,2.4519,57500
-120.87,41.54,21,1091,208,660,188,2.2321,34600
-120.48,41.82,20,1367,284,429,181,2.0227,47500
-120.08,41.79,34,1355,262,434,178,2.0903,56100
-119.54,38.51,14,1250,272,721,234,2.35,95700
-118.45,37.7,15,2199,453,899,347,2.35,107800
-118.74,37.58,20,3301,779,1085,448,3.7315,159300
-118.96,37.64,11,3934,697,901,345,4.2381,242700
-119.02,37.64,14,5919,1278,265,112,3.2431,221400
-118.99,37.65,20,2474,625,338,141,5.01,195500
-118.97,37.64,14,2284,622,342,137,3.0921,87500
-121.64,36.7,32,4089,735,2927,713,4.1675,142500
-121.65,36.7,29,4964,1056,2773,1036,3.0827,148100
-121.66,36.71,27,4131,886,2002,815,3.2929,157500
-121.66,36.7,33,3252,630,2010,641,3.4222,158100
-121.65,36.69,21,7884,2011,4907,1919,2.7367,160300
-121.64,36.68,16,6568,1603,6012,1565,2.3463,156100
-121.62,36.68,43,2534,592,2448,603,2.4884,130500
-121.61,36.69,19,9899,2617,11272,2528,2.0244,118500
-121.61,36.67,39,3260,821,3130,793,2.5224,119200
-121.62,36.67,31,2697,690,2220,665,2.5329,135200
-121.63,36.67,34,2486,560,2443,557,2.5263,130400
-121.63,36.65,44,309,121,315,80,1.6071,112500
-121.65,36.66,30,3745,767,1762,748,3.2355,214200
-121.65,36.67,52,2351,459,1169,439,2.8924,169600
-121.65,36.67,28,1926,556,1717,535,1.9385,123200
-121.66,36.67,40,2878,592,1444,564,3.1439,192300
-121.66,36.67,40,2497,520,1275,508,3.1071,193100
-121.68,36.67,26,5745,1017,2780,996,5,202300
-121.67,36.68,38,5561,1292,3523,1253,2.8289,168300
-121.66,36.69,6,10613,2485,7249,2375,3.7912,168900
-121.79,36.85,28,1049,235,705,208,2.7321,150000
-121.77,36.87,37,424,65,266,64,3.3472,293800
-121.73,36.9,23,2392,721,3074,718,2.5195,136900
-121.68,36.9,13,833,130,405,127,5.2729,322900
-121.73,36.85,22,1304,278,887,227,3.6607,206300
-121.69,36.8,19,2164,410,1309,426,3.338,185300
-121.72,36.81,18,1984,379,1078,359,3.2969,229900
-121.76,36.75,21,1141,257,671,195,3.8424,155700
-121.7,36.77,21,2294,478,1306,430,3.0347,227200
-121.64,36.74,30,2628,444,1372,432,4.1696,175000
-121.64,36.8,18,5915,1000,2975,975,4.5812,255200
-121.65,36.77,15,2191,358,1150,330,4.7969,227500
-121.7,36.67,37,641,129,458,142,3.3456,252600
-121.62,36.69,11,4712,1098,5982,1105,2.5986,135700
-121.62,36.69,12,512,144,767,149,2.2667,72900
-121.7,36.6,19,3562,530,1607,505,5.0162,283100
-121.59,36.55,34,737,140,362,138,5.1788,270000
-121.7,36.55,21,3905,583,1528,586,7.6245,336600
-121.43,36.5,14,1835,468,1867,461,2.3879,129800
-121.45,36.51,29,1045,311,1245,273,1.775,112500
-121.42,36.57,13,2685,621,2474,573,2.8775,134100
-121.48,36.49,28,1006,228,738,193,1.9722,210700
-121.7,36.48,19,2150,479,1052,428,3.5039,288400
-121.62,36.43,20,1335,290,717,243,4.7891,230600
-121.66,36.37,9,1580,287,465,208,6.1668,405800
-121.26,36.32,30,146,41,164,40,2.3,206300
-121.12,36.21,16,1720,473,1427,291,2.1107,76200
-121.13,36.21,27,1476,352,1156,358,3.1929,137900
-121.02,36.24,12,2198,507,1971,502,2.6801,1e+05
-121.2,36.14,12,3738,710,2337,664,3.9647,135000
-121.32,35.95,31,372,68,479,67,3.5547,2e+05
-121,35.94,16,3077,628,1479,536,3.3724,114600
-121.84,36.25,20,958,245,590,189,2.6094,362500
-121.62,36.14,25,726,274,411,214,3.2375,450000
-121.87,36.55,20,10053,1768,3083,1621,5.1506,387500
-121.82,36.54,22,1746,363,886,364,5.5469,378800
-121.77,36.53,18,2321,358,803,341,10.1854,426000
-121.84,36.52,18,3165,533,1312,434,6.5234,357400
-121.92,36.57,42,3944,738,1374,598,4.174,394400
-121.91,36.55,39,5468,834,1782,712,5.7248,398800
-121.92,36.56,40,2124,449,643,341,5.5164,369100
-121.94,36.55,30,2722,584,628,384,3.4048,487100
-121.92,36.56,39,2144,538,749,419,2.7039,364000
-121.93,36.59,25,2201,353,622,295,5.0621,386500
-121.95,36.6,32,3152,504,793,426,7.1198,469900
-121.95,36.59,22,3553,530,1108,441,5.8505,417100
-121.93,36.62,34,2351,440,1063,428,3.725,278000
-121.93,36.62,39,869,173,406,165,4.0313,253800
-121.92,36.62,52,974,190,403,181,4.3281,236500
-121.92,36.62,52,1001,191,425,184,3.7614,241700
-121.91,36.62,52,1431,300,657,293,3.2865,240100
-121.92,36.62,52,867,199,391,187,2.6713,234600
-121.92,36.62,52,1410,303,578,285,2.5625,235400
-121.92,36.62,52,728,161,313,142,3.4327,254500
-121.91,36.62,30,724,167,325,155,3.3333,247900
-121.71,36.78,19,2371,324,944,332,5.9175,240200
-121.92,36.62,52,2584,599,790,444,2.5263,286400
-121.91,36.62,52,1220,267,488,265,3.7454,243800
-121.91,36.63,42,817,194,391,193,2.1776,279200
-121.93,36.63,41,1049,198,428,183,4.3571,287500
-121.9,36.61,29,3412,827,1574,759,2.9309,217100
-121.91,36.61,30,2755,597,1519,554,3.2952,234600
-121.92,36.61,21,1242,340,834,362,2.4922,243800
-121.9,36.6,33,2461,649,1234,601,2.8727,225000
-121.9,36.6,45,2249,412,944,429,3.0625,260300
-121.9,36.58,31,1431,370,704,393,3.1977,289300
-121.89,36.6,40,626,164,337,150,2.7917,225000
-121.89,36.59,18,2700,937,1042,744,3.1364,150000
-121.87,36.61,21,1616,400,688,384,4.2109,278800
-121.86,36.6,21,3634,1011,1985,917,2.9085,156300
-121.86,36.6,33,1409,307,633,290,3.5568,191200
-121.84,36.59,34,3852,733,1661,696,4.3269,221300
-121.84,36.6,30,2958,691,1616,666,3.4643,191800
-121.84,36.61,21,2876,802,2487,795,2.2007,112800
-121.84,36.61,15,2190,586,1570,510,1.875,122300
-121.82,36.61,24,2437,438,1430,444,3.8015,169100
-121.83,36.61,26,3723,789,2563,747,3.4531,133100
-121.83,36.62,33,1771,398,1037,388,2.7708,161800
-121.86,36.63,37,338,109,231,100,2.5313,108300
-121.8,36.68,18,8581,1957,6071,1889,3,162200
-121.79,36.68,22,6912,1513,3794,1455,3.0608,168300
-122.3,38.3,52,1128,207,450,197,3.3542,154600
-122.29,38.3,52,1219,288,847,283,1.6691,183300
-122.28,38.29,23,1398,388,1112,406,2.2366,140200
-122.29,38.29,52,3217,742,1670,671,2.4398,163100
-122.3,38.29,40,1739,318,744,312,2.6518,156100
-122.29,38.28,38,2308,425,1272,406,3.6083,134200
-122.26,38.29,10,969,160,482,180,6.5799,218100
-122.27,38.29,36,1446,306,678,295,2.8409,153000
-122.28,38.29,19,531,112,139,80,1.9875,325000
-122.27,38.29,20,3870,795,2088,774,3.3021,152700
-122.26,38.28,24,2831,502,1462,503,4.5,158300
-122.27,38.28,37,1170,303,766,302,2.6618,136200
-122.26,38.31,33,4518,704,1776,669,5.2444,281100
-122.27,38.31,44,3030,589,1373,582,2.9054,155200
-122.29,38.32,23,4312,993,2317,934,2.7667,153200
-122.3,38.32,20,2063,486,1045,460,2.5035,153200
-122.28,38.31,52,58,18,48,22,1.76,166700
-122.3,38.3,44,3690,809,1922,736,2.6346,139800
-122.31,38.33,21,1922,344,1051,342,3.6042,183300
-122.31,38.32,33,2463,421,1235,465,3.7045,161500
-122.32,38.33,17,851,118,370,123,5.0877,209300
-122.33,38.33,15,3193,468,1303,426,5.3017,202600
-122.32,38.32,19,2922,417,1221,442,5.8002,238700
-122.32,38.32,22,2483,528,1478,492,4.0878,164400
-122.31,38.32,35,3997,762,2074,703,3.285,138100
-122.33,38.31,14,6778,947,2768,1014,6.1953,258900
-122.32,38.29,21,1607,356,834,352,2.3787,177900
-122.33,38.29,14,3541,499,1577,459,5.3351,269900
-122.3,38.29,20,1789,434,1113,398,2.4728,139700
-122.3,38.28,31,1633,316,944,300,3.3977,158700
-122.31,38.27,34,1748,284,783,303,4.3585,194400
-122.3,38.25,18,3548,880,1476,699,3.7188,163400
-122.28,38.22,42,106,18,40,25,7.5197,275000
-122.29,38.19,13,7065,1259,3864,1221,4.7472,148600
-122.23,38.17,45,350,66,225,72,1.8942,216700
-122.37,38.33,29,1868,291,764,284,4.825,195100
-122.32,38.35,20,3494,549,1673,541,5.5718,185200
-122.36,38.41,18,1808,400,968,370,3.7067,175000
-122.36,38.4,16,2716,546,898,500,2.2536,201200
-122.18,38.35,24,407,68,175,61,6.0266,216700
-122.26,38.33,34,2048,316,780,267,5.815,339200
-122.4,38.46,33,2542,466,1099,420,4.635,248500
-122.47,38.51,18,2487,516,980,503,3.5506,187500
-122.47,38.51,25,928,195,413,184,3.4904,196900
-122.48,38.51,49,1977,393,741,339,3.1312,247600
-122.45,38.51,18,1297,337,610,312,1.9441,184400
-122.45,38.58,34,2517,483,1324,464,3.0938,189400
-122.26,38.57,22,509,103,139,73,2.1979,152800
-122.18,38.49,15,1743,366,655,264,3.3393,146900
-122.58,38.59,33,1239,262,539,246,3.5208,195800
-122.58,38.58,32,2723,637,1549,556,2.3942,183100
-122.59,38.58,18,3753,752,1454,668,3.7585,185700
-121.07,39.15,15,6828,1319,3002,1318,2.4726,143400
-121.11,39.09,16,1000,197,508,190,2.3062,138800
-121.12,39.03,17,838,161,388,142,3.6563,163500
-121.03,39.14,10,3138,524,1275,511,4.0775,164500
-121.04,39.08,8,2870,526,1307,451,3.463,201700
-121.07,39.05,10,1813,311,827,287,3.6087,182100
-121.03,39.05,12,1875,307,806,283,3.9185,195200
-121.06,39.03,11,1887,303,775,283,3.8417,187200
-121.22,39.11,14,1405,269,660,228,3.0804,156800
-121.14,39.1,13,1085,227,629,214,5.0389,171500
-121.12,39.2,9,1431,254,681,221,3.045,170400
-121.18,39.25,9,3415,562,1208,479,4.3646,185900
-121.18,39.23,8,2112,360,782,344,3.7125,175000
-121.2,39.23,9,2802,447,955,418,5.2359,213300
-121.18,39.19,16,1528,351,729,319,2.4688,138800
-121.2,39.2,16,1039,182,554,184,2.9688,128300
-121.15,39.23,13,3883,763,1816,682,2.8102,144400
-121.23,39.27,11,1265,224,573,205,3.3603,162500
-121.07,39.23,39,2099,433,929,423,1.9886,113800
-121.06,39.22,52,1749,422,837,391,2.325,109700
-121.09,39.23,35,2637,511,1181,480,2.7813,109200
-121.08,39.22,30,2188,455,1033,437,2.1419,105200
-121.09,39.22,25,2200,439,1045,419,2.6042,116700
-121.05,39.2,48,1759,389,716,350,2.3125,108300
-121.05,39.21,43,1264,273,611,260,2.535,117100
-120.83,39.27,14,3338,608,1373,562,3.67,160100
-120.99,39.18,23,2550,457,1016,405,3.6607,153000
-121,39.16,10,1170,225,537,194,3.2813,163200
-121.04,39.19,17,856,167,518,170,3.5859,144300
-121.02,39.17,17,2277,459,1149,476,3.2303,149500
-121.03,39.26,49,3739,759,1422,606,2.4283,143100
-121,39.26,14,810,151,302,138,3.1094,136100
-121.02,39.25,52,1549,275,604,249,2.2278,155400
-121.06,39.29,14,1864,331,894,332,3.4028,171800
-120.94,39.32,14,3120,595,1569,556,3.5385,157400
-121.06,39.25,17,3127,539,1390,520,3.9537,172800
-120.89,39.3,17,2282,431,974,371,3.5417,155100
-120.99,39.26,16,2616,422,1090,425,3.7917,179200
-120.91,39.39,16,352,105,226,82,1.6094,79500
-120.09,39.4,17,1076,283,171,64,2.125,83900
-120.17,39.33,18,1046,204,486,179,4.119,110900
-120.17,39.32,14,2421,489,1000,354,3.5652,119800
-120.1,39.37,10,2325,410,1016,373,4.5208,117300
-120.1,39.33,9,2738,510,1193,412,4.3958,124800
-120.15,39.36,9,2254,400,694,243,5.6856,138100
-120.35,39.34,29,1986,474,337,100,4.0278,95800
-120.25,39.34,9,2739,555,294,110,3.1842,162500
-120.22,39.35,8,1872,281,203,71,4.5882,198400
-120.21,39.35,7,914,159,85,34,4.7917,187500
-117.95,33.94,28,2851,496,1287,496,5.0782,264100
-117.96,33.94,34,2228,399,1159,378,4.8906,228900
-117.97,33.94,35,1928,360,1056,366,4.0893,215700
-117.97,33.93,31,1975,373,918,347,4.4107,202000
-117.97,33.93,33,1700,369,981,362,4.5461,194000
-117.96,33.93,31,1471,321,841,330,3.46,232800
-117.96,33.93,29,2316,522,1275,501,3.776,192600
-117.96,33.94,31,2397,518,1407,476,2.6641,185200
-117.94,33.93,33,1770,370,1346,366,4.0833,162500
-117.94,33.93,34,1475,319,698,293,3.8194,186000
-117.95,33.93,37,2633,630,1904,630,2.6123,161300
-117.96,33.93,15,2014,419,839,390,4.7446,175400
-117.97,33.92,32,2620,398,1296,429,5.7796,241300
-117.97,33.93,35,1887,328,989,351,4.1321,198100
-117.96,33.92,18,3744,1027,1654,912,3.2158,215000
-117.95,33.92,18,2825,660,1590,643,3.6106,153600
-117.94,33.92,28,639,179,1062,169,3.0588,145200
-117.95,33.92,11,3127,706,1594,694,4.3426,141300
-117.95,33.92,13,2312,592,2038,559,3.1378,137000
-117.94,33.94,30,1596,307,845,309,4.5096,241100
-117.95,33.94,31,2237,431,1135,434,4.45,267900
-117.93,33.94,30,2658,382,1135,392,6.0516,245000
-117.92,33.94,27,4566,620,2045,664,5.583,267700
-117.92,33.94,30,2506,394,1255,421,4.7813,198200
-117.93,33.93,33,1626,378,1062,356,2.1944,139600
-117.91,33.93,21,2578,363,1207,350,6.2452,291700
-117.89,33.94,20,3349,685,1822,675,4.7216,227000
-117.88,33.93,17,6100,861,2771,866,7.6486,306700
-117.9,33.93,12,4325,1191,1897,1080,3.3173,247400
-117.91,33.91,27,2181,501,1555,488,3.6106,196400
-117.91,33.91,34,1763,303,894,297,5.0096,221700
-117.9,33.9,19,2176,414,1002,402,4.9743,193500
-117.9,33.91,26,2885,476,1227,439,4.9524,226600
-117.9,33.91,33,4181,804,2049,834,4.3103,201600
-117.91,33.9,27,829,114,383,133,9.3125,293500
-117.92,33.89,18,2895,487,1116,429,5.4716,4e+05
-117.9,33.88,28,2696,346,947,356,9.0055,375400
-117.89,33.89,17,1671,192,678,206,13.1107,467600
-117.97,33.91,19,8096,1318,3853,1313,6.0076,269500
-117.96,33.88,25,3578,461,1588,466,6.2556,341300
-117.96,33.89,24,1332,252,625,230,4.4375,334100
-117.94,33.91,18,8836,1527,3946,1451,5.6441,313000
-117.94,33.88,35,2159,343,833,335,5.3738,365100
-117.98,33.87,29,1310,332,937,294,3.8068,158700
-117.98,33.86,25,1025,266,726,183,3.875,137500
-117.97,33.86,12,1370,367,1022,296,3.6471,141700
-117.96,33.86,35,2181,371,1249,358,4.2937,183200
-117.96,33.86,32,2366,505,1283,477,3.3516,190000
-117.94,33.88,46,1747,312,770,296,5.4217,256000
-117.95,33.87,34,1599,296,938,307,4.285,184900
-117.96,33.87,27,890,289,416,200,3.141,167500
-117.96,33.87,37,1785,360,1155,403,4.7984,175800
-117.94,33.86,36,2824,493,1394,507,4.6477,194700
-117.95,33.86,36,2038,343,1066,346,5.197,195700
-117.93,33.86,35,1216,225,893,228,4.0288,184000
-117.92,33.87,36,1125,285,966,257,2.8438,162500
-117.93,33.88,45,1306,293,585,260,4.0812,241700
-117.92,33.88,32,1632,244,575,235,5.3986,318700
-117.91,33.89,30,1631,212,523,216,7.875,351900
-117.9,33.88,35,2062,353,991,357,5.2897,230400
-117.9,33.87,28,2315,538,1360,504,2.9861,218600
-117.91,33.87,29,1121,291,762,276,2.5,143800
-117.91,33.87,52,2031,506,1191,463,2.9076,177300
-117.89,33.87,25,1492,439,755,389,3.0893,188200
-117.88,33.87,35,1919,349,1302,345,5.6409,190900
-117.89,33.87,32,1569,422,835,386,3.0465,148900
-117.93,33.87,45,1006,230,1237,237,3.3472,168000
-117.93,33.86,36,931,279,778,303,2.6563,155000
-117.93,33.86,17,1627,398,1216,369,3.3438,186600
-117.93,33.86,35,931,181,516,174,5.5867,182500
-117.93,33.87,29,1221,371,1822,326,1.7935,162500
-117.87,33.91,16,2434,455,1017,476,4.2188,176300
-117.88,33.9,15,1705,478,759,479,3.5333,114400
-117.87,33.89,25,1142,162,486,150,7.1472,270100
-117.86,33.91,16,2889,423,1227,401,6.4514,270800
-117.86,33.9,25,3205,409,1291,408,7.2478,299200
-117.87,33.9,21,3181,447,1416,469,6.8268,280300
-117.86,33.89,24,2002,253,820,241,6.9612,274500
-117.86,33.88,19,1621,328,871,322,3.7361,201400
-117.87,33.88,28,2612,602,1682,563,3.6417,204300
-117.87,33.85,33,45,11,34,10,5.2949,350000
-117.85,33.88,14,4753,681,2138,678,7.3658,288500
-117.85,33.9,20,4026,648,1997,650,5.5918,260500
-117.85,33.9,25,1548,256,811,263,5.2037,242200
-117.84,33.89,24,3935,625,1912,593,5.7951,226900
-117.87,33.86,19,2232,448,1149,417,3.1534,324400
-117.87,33.87,16,1332,368,1534,295,3.0227,297100
-117.82,33.88,18,1982,300,1027,324,7.0526,327500
-117.82,33.89,24,2168,421,1050,397,4.6172,238300
-117.81,33.88,19,2968,503,1430,459,5.3339,371700
-117.82,33.89,21,3079,509,1431,480,4.0714,278900
-117.84,33.89,19,3544,542,1787,560,6.7837,264300
-117.81,33.88,19,2265,283,904,279,9.2327,461300
-117.81,33.87,19,4491,680,2457,702,6.0591,233500
-117.8,33.87,16,5954,1281,3107,1209,4.2566,206100
-117.81,33.86,18,133,29,95,23,3.5625,235000
-117.87,33.92,14,4039,669,1905,670,6.3303,303000
-117.85,33.92,11,3331,410,1460,416,8.0287,371800
-117.78,33.87,16,5609,952,2624,934,5.3307,169600
-117.82,33.9,25,1137,170,524,164,7.5744,259300
-117.77,33.88,8,4874,627,2070,619,8.1117,410200
-117.82,33.85,18,1810,305,1189,326,5.2227,213500
-117.8,33.85,16,4151,637,1558,604,5.806,304900
-117.82,33.84,25,1788,203,676,217,10.1299,454300
-117.81,33.84,17,4343,515,1605,484,10.5981,460100
-117.79,33.84,9,10484,1603,4005,1419,8.3931,365300
-117.78,33.85,16,3781,504,1665,499,7.2554,335600
-117.76,33.87,16,3182,429,1663,428,7.0592,288200
-117.78,33.81,23,1986,278,826,260,7.7752,380000
-117.77,33.8,16,3973,483,1373,452,9.8074,417000
-117.8,33.79,13,2021,362,1081,341,4.3269,231400
-117.79,33.8,11,10535,1620,4409,1622,6.67,283200
-117.75,33.84,16,3491,502,1496,509,6.6207,270500
-117.76,33.83,15,3086,457,1262,436,6.4415,300700
-117.77,33.84,5,4380,715,1913,741,6.7274,266400
-117.74,33.85,4,5416,820,1753,583,6.9544,314000
-117.81,33.79,25,5950,1155,4528,1064,4.2564,204600
-117.8,33.81,14,1206,142,572,149,8.847,388700
-117.8,33.78,18,3548,474,1506,449,6.925,290300
-117.8,33.78,17,4138,805,2442,780,4.7804,242000
-117.66,33.61,16,2022,254,789,270,8.4112,286900
-117.66,33.61,17,3464,519,1713,530,6.0471,248400
-117.66,33.61,21,1932,266,860,286,7.1497,274000
-117.67,33.61,23,3588,577,1695,569,6.1401,243200
-117.68,33.63,13,5830,921,2897,891,6.2403,257400
-117.67,33.63,9,5774,1320,3086,1265,4.4063,202200
-117.6,33.72,36,1317,228,531,214,5.6346,272500
-117.67,33.6,20,1213,171,565,170,7.2592,314800
-117.66,33.58,16,3016,394,1172,382,7.5196,315600
-117.7,33.62,16,9653,2000,4732,1922,3.7361,197200
-117.68,33.61,19,2962,405,1295,440,6.0689,248000
-117.69,33.61,16,3010,580,1649,538,4.0221,236200
-117.66,33.64,17,3173,501,1555,520,6.7079,250800
-117.65,33.65,15,3485,519,1740,485,6.7543,251900
-117.65,33.63,16,3388,425,1395,427,8.4471,351300
-117.66,33.63,16,3299,610,1967,604,5.5085,223300
-117.62,33.64,2,7826,893,2985,790,10.1531,484100
-117.63,33.62,9,4257,785,1293,745,3.7139,196700
-117.63,33.63,6,3068,549,985,536,4.2009,238000
-117.65,33.62,15,2708,410,1140,389,6.2899,275000
-117.64,33.59,4,3274,383,1312,390,8.1611,348000
-117.65,33.58,2,2411,354,703,217,7.8061,331400
-117.66,33.57,16,2483,443,1357,400,5.5545,214200
-117.65,33.59,8,2649,340,1238,354,8.0409,337900
-117.67,33.54,16,2102,350,1003,328,4.7981,170800
-117.67,33.55,6,3157,721,1695,710,3.7609,222300
-117.53,33.69,6,454,102,213,43,10.9704,483300
-117.59,33.66,3,1206,256,563,287,5.1589,167800
-117.61,33.41,35,2556,404,946,399,6.1557,402900
-117.61,33.42,31,3959,856,1919,775,4.0313,282000
-117.62,33.47,4,1812,255,661,211,6.487,294200
-117.63,33.47,4,1969,280,805,271,7.6012,310800
-117.63,33.46,7,7684,1088,2812,1057,6.3401,387300
-117.64,33.45,27,334,56,130,46,4.875,284100
-117.62,33.43,27,1835,413,1221,377,3.2232,247100
-117.62,33.43,24,1296,384,850,367,2.7545,231300
-117.65,33.4,17,2737,654,910,492,3.5729,370800
-117.62,33.43,23,4052,955,1950,859,4.0647,240600
-117.62,33.42,27,1005,266,460,243,3.1029,190600
-117.6,33.45,4,2369,566,996,435,5.4031,243800
-117.59,33.4,22,3167,743,1797,642,4.0076,252100
-117.6,33.42,23,2482,461,1048,425,4.665,280600
-117.6,33.43,21,3951,562,1392,543,5.1439,414000
-117.67,33.46,18,1679,271,783,257,5.3999,3e+05
-117.66,33.46,28,1261,233,609,242,5.1024,312700
-117.64,33.49,3,2516,429,781,337,5.6197,271600
-117.63,33.47,4,2320,405,1408,477,6.3369,256000
-117.65,33.46,19,7034,1139,2824,1068,6.0873,277300
-117.76,33.48,38,3832,809,1332,636,5.0044,381200
-117.72,33.51,17,3617,597,1176,571,5.133,324000
-117.73,33.51,5,4549,786,1238,632,6.1785,295900
-117.7,33.6,16,2092,489,877,392,3.0461,216900
-117.69,33.6,16,2205,393,1333,402,3.475,279500
-117.69,33.59,13,3320,426,1432,431,7.9283,348100
-117.68,33.49,17,2232,372,1072,385,4.245,214500
-117.68,33.49,16,3084,724,2557,690,2.8357,106300
-117.68,33.49,18,4173,625,1649,634,6.3568,294300
-117.69,33.48,25,3240,481,1462,497,6.1815,288500
-117.69,33.47,13,2020,378,679,290,5.756,305600
-117.67,33.51,19,1258,246,545,227,2.9762,184400
-117.7,33.47,20,1577,363,764,333,4.1563,320800
-117.69,33.47,19,2595,621,1728,571,3.668,243800
-117.7,33.47,21,1857,399,881,380,3.8403,350000
-117.68,33.55,5,2262,427,1016,402,6.065,315500
-117.68,33.54,5,2840,403,1363,403,7.618,341400
-117.68,33.52,5,3621,632,1546,567,5.753,322800
-117.7,33.53,5,6698,1254,2834,1139,5.9088,288500
-117.71,33.52,17,2486,417,876,361,6.1007,340900
-117.69,33.55,4,1764,220,705,224,8.3275,384200
-117.7,33.55,12,2459,390,1054,391,7.1736,262100
-117.7,33.57,4,3283,911,1512,782,3.3125,138500
-117.71,33.54,7,4907,577,1883,556,10.4415,453800
-117.71,33.54,15,2460,368,962,320,7.3878,318300
-117.7,33.57,9,1204,355,469,293,3.6196,119900
-117.71,33.57,4,3289,753,1285,651,4.045,226000
-117.71,33.57,6,3673,881,1846,768,4.877,144300
-117.74,33.46,9,6564,1316,1720,904,4.89,454100
-117.71,33.47,17,2681,454,830,410,5.5507,345700
-117.7,33.68,29,5650,1084,3985,1056,2.8192,162500
-117.75,33.71,15,2849,537,878,520,3.2841,158300
-117.76,33.7,12,4025,574,2042,588,7.9125,344900
-117.69,33.65,16,5805,852,2356,795,6.1062,274600
-117.71,33.65,16,3774,456,1587,430,8.6088,307400
-117.71,33.64,14,2945,356,1293,335,8.111,308900
-117.71,33.63,16,2497,500,1357,456,4.5909,241800
-117.7,33.63,16,4428,745,1525,682,5.2325,286800
-117.69,33.66,11,2630,327,1256,352,8.2953,350500
-117.69,33.66,5,4246,689,1933,722,6.9501,225700
-117.7,33.64,15,5743,773,2380,773,8.1926,326600
-117.69,33.64,18,3783,654,1843,623,5.7559,215800
-117.69,33.64,16,2592,372,1279,383,6.9741,262000
-117.81,33.73,17,1063,189,363,183,2.1719,261300
-117.8,33.72,16,2617,506,1317,511,4.821,201400
-117.82,33.72,24,3477,462,1593,484,6.8634,276500
-117.77,33.69,14,1413,372,744,338,3.7988,184100
-117.77,33.69,16,1666,341,479,336,2.1406,55000
-117.78,33.68,19,2500,331,1027,327,6.115,315600
-117.8,33.68,14,2635,516,1150,499,4.4391,306700
-117.8,33.68,5,623,146,396,136,3.631,225000
-117.81,33.67,8,2440,502,1113,483,4.6019,242500
-117.81,33.67,9,2435,396,1194,385,7.2025,275000
-117.81,33.67,9,3279,530,1447,510,7.4581,296600
-117.78,33.68,15,1834,330,841,309,6.0634,234300
-117.78,33.68,14,1750,336,852,300,4.6793,236800
-117.79,33.68,13,2636,416,1137,404,7.2118,311500
-117.79,33.68,9,1633,295,928,297,5.7858,265900
-117.79,33.68,10,2106,319,1002,332,8.735,375300
-117.8,33.67,5,2638,521,1179,480,5.7759,240000
-117.8,33.67,4,3345,552,1525,539,6.7962,329100
-117.81,33.69,5,1256,256,880,288,2.4233,450000
-117.82,33.67,17,2895,439,1588,450,6.276,290700
-117.77,33.67,12,4329,1068,1913,978,4.5094,160200
-117.77,33.71,13,1939,247,928,244,8.1111,379800
-117.77,33.71,5,4050,584,1986,598,7.5847,375700
-117.77,33.71,4,1646,321,859,300,5.5631,227800
-117.79,33.71,16,6339,862,3132,825,7.1069,313400
-117.79,33.7,16,1416,249,636,244,5.1741,227700
-117.79,33.69,15,1875,316,890,316,6.5783,244800
-117.79,33.69,16,3067,396,1275,372,8.7385,340000
-117.78,33.54,29,1421,462,520,339,2.2969,450000
-117.79,33.55,39,5066,1292,1915,1117,3.821,452100
-117.75,33.54,21,8711,1544,3173,1396,5.0907,378200
-117.83,33.67,17,2634,641,1454,560,3.7976,275000
-117.83,33.66,15,2355,438,747,450,6.5356,272800
-117.81,33.67,24,3930,661,1831,616,6.3767,269000
-117.8,33.66,16,2542,498,1022,494,4,223400
-117.81,33.66,16,1414,191,635,230,10.0757,383900
-117.82,33.66,24,4227,641,1605,589,6.4238,278400
-117.84,33.64,11,6840,1689,6083,1629,2.4132,198300
-117.76,33.53,28,3085,499,1176,480,7.9794,426100
-117.76,33.53,18,3224,561,1310,580,8.4614,391900
-117.77,33.53,32,3116,661,1105,543,5.1837,445600
-117.73,33.63,15,2874,592,1382,586,5.5137,161800
-117.75,33.64,9,2499,492,1111,542,5.5342,182300
-117.72,33.62,21,2322,518,662,457,3.1679,110000
-117.71,33.61,25,3004,718,891,626,2.395,80300
-117.72,33.62,19,5777,1261,1711,1225,2.7634,86900
-117.73,33.61,16,590,130,178,121,4.8611,186800
-117.74,33.62,16,1889,590,686,537,3.4706,241700
-117.74,33.61,16,2753,576,857,546,3.7422,229800
-117.75,33.61,17,2499,566,781,522,3.1779,186500
-117.75,33.6,5,4944,1164,1727,948,4.9,255600
-117.7,33.6,26,2283,506,634,469,2.3774,74300
-117.71,33.6,8,3329,753,1312,629,3.5521,229800
-117.71,33.6,25,3011,714,893,654,2.3387,74800
-117.72,33.61,26,2033,463,618,450,2.5685,80400
-117.72,33.61,26,2653,621,774,584,2.49,81100
-117.71,33.6,25,1949,459,602,428,2.7601,72500
-117.7,33.6,25,1321,295,396,278,3.1131,77100
-117.84,33.66,5,665,171,384,171,4.5833,230400
-117.84,33.65,4,1649,456,1030,411,2.2262,225000
-117.83,33.66,4,1011,198,511,198,7.9217,296200
-117.83,33.65,8,2149,426,950,399,4.1103,250400
-117.81,33.64,16,2404,349,868,329,11.0138,442100
-117.87,33.6,35,1598,398,782,411,5.1155,5e+05
-117.89,33.62,24,1016,238,465,236,3.0625,93800
-117.89,33.61,16,2413,559,656,423,6.3017,350000
-117.88,33.65,24,4879,756,1777,754,5.9055,477300
-117.91,33.63,20,3442,1526,1427,977,3.1985,106300
-117.9,33.63,26,1632,376,598,375,3.2125,455000
-117.89,33.66,33,3595,785,1621,732,4.1372,265200
-117.9,33.65,24,4496,877,1928,855,4.6808,245500
-117.89,33.66,32,2736,550,1279,534,5.5422,253100
-117.9,33.64,28,2466,507,1081,465,3.9375,339800
-117.9,33.65,28,2043,430,1108,452,5.2549,261800
-117.9,33.65,30,1634,373,771,364,3.4125,284100
-117.91,33.65,17,1328,377,762,344,2.2222,276800
-117.91,33.64,29,1652,310,832,326,4.8098,325400
-117.91,33.63,30,2071,412,1081,412,4.9125,335700
-117.92,33.63,24,1562,441,696,347,3.5161,236400
-117.91,33.63,32,1122,233,557,223,3.5388,407000
-117.92,33.62,37,2038,379,837,381,5.2416,471300
-117.92,33.63,39,1469,226,553,225,7.8496,490800
-117.94,33.65,20,5476,1073,2327,963,5.6637,222100
-117.92,33.64,24,2539,695,1623,611,3.0708,188700
-117.94,33.64,24,1097,307,470,333,1.6389,225000
-117.95,33.63,27,2489,481,1082,443,5.8777,358800
-117.95,33.63,17,6745,1547,2688,1535,3.9917,271600
-117.93,33.65,29,1253,375,1198,362,3.5179,225000
-117.91,33.65,24,1494,494,814,459,2.1074,181300
-117.92,33.65,28,1087,423,807,425,0.9702,225400
-117.92,33.65,25,1679,470,1314,473,4.1026,211500
-117.93,33.65,27,1283,406,1063,376,2.75,275000
-117.93,33.67,27,3512,472,1391,481,8.1001,336500
-117.94,33.67,26,2552,314,925,323,8.1839,367000
-117.94,33.65,15,2016,443,1015,419,5.2732,209700
-117.93,33.69,19,2602,439,1156,424,5.01,263800
-117.93,33.69,26,2822,473,1258,469,6.4441,261000
-117.93,33.66,18,2043,250,702,246,9.6062,414700
-117.93,33.65,26,5831,1546,4738,1477,3.1483,213000
-117.91,33.67,16,7961,2276,5014,2116,3.512,218400
-117.89,33.68,26,2905,504,1452,491,5.0853,260300
-117.91,33.65,14,2598,759,1584,703,4.0417,180900
-117.9,33.66,22,3568,938,1952,938,3.1667,161000
-117.9,33.66,4,456,91,623,84,6.6369,192600
-117.9,33.69,13,9947,1675,4071,1582,5.422,316600
-117.87,33.69,4,2337,768,983,655,3.7174,275000
-117.88,33.69,20,5330,976,2734,1000,5.2138,233100
-117.87,33.71,13,1087,340,817,342,3.5326,262500
-117.87,33.7,17,3216,607,1916,618,4.9153,266400
-117.87,33.7,21,3648,654,2266,628,5.0956,246000
-117.88,33.71,27,1596,297,1703,289,4.1,184900
-117.88,33.71,20,1738,509,1403,411,3.1742,245000
-117.88,33.7,18,2135,373,1464,405,5.4836,225800
-117.88,33.7,24,534,88,249,74,5.3254,240500
-117.88,33.7,16,1505,358,835,339,3.8029,205400
-117.9,33.73,31,1171,306,1690,301,3.2639,155200
-117.89,33.72,25,4343,847,3872,850,4.65,197800
-117.89,33.72,23,2305,538,2493,502,3.6618,183500
-117.88,33.73,32,1947,355,1786,332,4.5726,177500
-117.88,33.72,38,1421,300,1236,263,3.9844,165300
-117.9,33.71,16,1917,317,1324,351,6.2488,252000
-117.89,33.71,16,1591,225,926,239,6.2452,266300
-117.92,33.7,15,3201,677,1510,622,4.2708,161700
-117.91,33.71,16,3113,783,1719,715,3.6505,145700
-117.89,33.7,13,1857,572,838,525,3.2386,129200
-117.9,33.7,12,4695,1110,2153,989,4.6483,190800
-117.86,33.72,31,1194,297,1602,306,2.3333,157700
-117.87,33.72,39,3167,669,2789,619,3.5902,165900
-117.86,33.72,37,1429,428,2089,399,3.413,150600
-117.85,33.73,28,1499,574,3328,595,2.4539,115000
-117.84,33.74,24,1752,407,910,427,3.3611,134600
-117.84,33.74,25,1818,577,1426,532,3.2104,112500
-117.83,33.74,23,1818,522,958,485,2.6771,131500
-117.86,33.75,31,1761,515,1810,468,1.9309,173400
-117.86,33.75,6,1565,599,3157,629,2.9271,123200
-117.87,33.74,52,2411,526,2165,521,3.415,172500
-117.88,33.73,33,2291,594,3232,589,3.2037,163500
-117.88,33.73,36,2471,498,2594,475,3.75,170500
-117.91,33.74,25,4273,965,2946,922,2.9926,183200
-117.9,33.73,26,1324,314,1804,311,3.9659,178500
-117.9,33.74,24,2932,955,5516,911,2.7535,111000
-117.9,33.74,25,808,163,1066,189,4.7679,173100
-117.9,33.74,24,1435,494,3171,504,3.0833,151700
-117.89,33.74,32,660,145,959,113,3.75,159000
-117.88,33.74,29,720,174,1045,181,3.1964,151900
-117.88,33.74,16,1444,446,2329,441,3.1691,159400
-117.88,33.74,31,1120,296,1718,268,2.8077,140300
-117.87,33.74,16,1243,365,1925,376,2.7632,158900
-117.88,33.74,25,1799,557,3416,538,3.0083,163500
-117.87,33.75,14,5526,1916,6799,1796,2.6561,144400
-117.87,33.75,18,697,255,812,221,2.6635,162500
-117.86,33.75,13,1632,598,3356,659,1.5054,137500
-117.87,33.75,26,411,114,448,95,1.7019,350000
-117.88,33.75,34,3004,673,5477,640,2.8342,187200
-117.89,33.76,36,2656,572,2370,571,3.8056,177200
-117.89,33.75,34,2753,654,3117,631,3.1713,170100
-117.88,33.77,31,2549,355,1044,362,6.9737,288800
-117.89,33.77,32,2342,570,1445,453,4.1951,195000
-117.89,33.76,34,1050,210,723,201,4.8,192700
-117.86,33.76,34,3153,561,1679,532,4.7083,205300
-117.84,33.76,14,1458,423,615,365,4.2798,218800
-117.84,33.76,16,238,51,93,50,5.375,215700
-117.84,33.76,22,378,78,196,81,3.6806,219400
-117.84,33.75,16,4367,1161,2164,1005,4.0214,139500
-117.85,33.76,33,1866,327,1053,371,4.5461,213800
-117.84,33.77,14,4412,952,1656,874,4.3292,206500
-117.84,33.77,26,3350,581,1314,550,3.5195,249100
-117.83,33.75,22,6433,1174,2703,1125,4.9957,296400
-117.82,33.75,30,2910,535,1270,489,4.6161,236500
-117.82,33.75,24,893,209,342,197,2.8261,146500
-117.82,33.74,25,2720,680,1559,631,3.0958,137800
-117.81,33.75,23,3498,636,1574,642,5.021,252200
-117.8,33.74,30,3569,551,1540,537,5.2998,247200
-117.81,33.73,19,4022,975,2334,954,3.0305,140600
-117.81,33.73,23,3056,556,1508,555,4.7273,234200
-117.83,33.74,23,6114,1623,4088,1521,3.0382,183600
-117.83,33.73,20,5768,1597,4853,1465,3.5387,160400
-117.81,33.75,25,2365,471,1197,458,3.7031,227800
-117.79,33.77,21,4349,553,1680,519,6.9014,439000
-117.78,33.78,6,9792,1283,3744,1179,10.1714,481500
-117.76,33.79,4,8974,1268,3754,1241,8.2653,374000
-117.83,33.77,26,4931,853,2249,818,4.275,285400
-117.82,33.77,27,2578,314,976,340,7.1882,359200
-117.82,33.76,33,2774,428,1229,407,6.2944,265600
-117.81,33.76,32,2053,339,835,323,5.5654,281800
-117.83,33.83,13,3759,489,1496,499,8.3818,377600
-117.83,33.8,30,4713,758,2271,730,5.8622,221000
-117.83,33.8,31,2016,409,1095,405,3.8681,196000
-117.84,33.79,34,2590,603,1658,608,2.378,199600
-117.81,33.79,23,3114,610,2045,577,3.75,211900
-117.81,33.78,27,3589,507,1484,495,5.7934,270500
-117.81,33.81,19,3154,390,1404,384,8.9257,431800
-117.83,33.82,23,1100,285,940,267,3.6953,150000
-117.85,33.79,46,1846,383,867,336,3.4234,2e+05
-117.85,33.79,52,2102,403,898,365,3.6827,236800
-117.86,33.79,31,3523,922,2660,949,3.1792,146400
-117.85,33.79,52,1963,430,1197,415,3.8929,211000
-117.86,33.78,25,2635,660,1710,634,3.125,215000
-117.85,33.79,40,1251,336,729,343,2.4688,236400
-117.86,33.79,34,1883,408,1227,424,3.8929,187500
-117.86,33.78,21,2713,731,1952,722,2.6959,178800
-117.87,33.78,21,2487,573,1515,494,4.3039,168500
-117.87,33.78,19,2813,567,1334,596,4.7208,173500
-117.87,33.78,30,2022,522,1196,463,3.7454,186000
-117.86,33.8,35,1683,347,1242,335,3.5172,190400
-117.86,33.79,42,1024,191,483,187,4.105,194500
-117.87,33.79,25,2546,545,1543,521,4.192,219900
-117.9,33.78,25,10336,2596,7111,2419,3.3627,197900
-117.85,33.84,17,2830,502,1370,459,5.1785,247300
-117.85,33.83,26,1904,292,945,303,5.6784,232400
-117.86,33.83,23,2377,403,1101,408,5.3439,227100
-117.86,33.8,34,1793,480,1722,441,2.8235,153100
-117.85,33.81,26,4186,767,2447,777,4.9917,248100
-117.85,33.81,32,1766,322,876,330,4.0417,234500
-117.85,33.8,34,1593,283,872,255,3.825,216700
-117.86,33.82,9,1682,291,1015,271,6.6603,230900
-117.84,33.84,23,6157,1129,2817,1073,5.0629,232600
-117.89,33.84,35,3315,744,2425,687,3.5521,182800
-117.89,33.83,35,2984,446,1435,455,5.6276,200800
-117.9,33.83,33,3065,611,2204,606,3.8456,211800
-117.89,33.8,38,51,12,41,10,6.0224,187500
-117.89,33.82,24,1268,210,700,224,5.0605,216200
-117.89,33.82,18,3197,809,1894,726,3.6761,140500
-117.88,33.84,26,1499,290,755,277,3.5893,238500
-117.87,33.83,27,2287,353,1140,351,5.6163,231000
-117.88,33.83,22,3522,543,1706,524,6.4685,241200
-117.88,33.82,26,1783,298,1048,306,6.0488,232000
-117.88,33.85,26,3924,781,2332,725,3.7772,223900
-117.88,33.85,34,1127,185,588,181,4.375,224700
-117.9,33.85,31,3413,764,2326,728,4.325,187100
-117.89,33.85,18,2036,414,1292,380,3.875,273000
-117.9,33.85,32,1605,314,986,306,3.3375,186200
-117.9,33.84,31,2043,468,1524,454,3.5329,187400
-117.89,33.84,33,1587,374,1159,331,2.8021,195100
-117.88,33.84,25,1781,349,918,378,3.9286,262700
-117.87,33.84,23,1678,369,912,347,4.5,237300
-117.87,33.84,25,1928,414,961,385,4.0724,231400
-117.86,33.85,17,1131,236,622,244,4.9306,158500
-117.91,33.85,35,932,258,1147,267,2.7014,156700
-117.91,33.84,35,1244,324,1603,322,2.9583,175400
-117.93,33.85,27,1962,544,1492,481,1.9621,118100
-117.94,33.85,26,1888,429,1550,458,3.3393,168600
-117.93,33.85,31,2149,465,966,302,3.875,183900
-117.93,33.85,36,2147,416,1011,392,3.2188,196900
-117.95,33.85,13,6963,1426,3892,1375,4.1325,203500
-117.96,33.85,35,1175,191,568,186,4.125,189200
-117.95,33.84,32,1378,492,1202,448,3.4028,183700
-117.95,33.84,19,1749,406,969,391,3.75,173400
-117.95,33.84,34,1229,215,1035,218,3.5455,180000
-117.94,33.84,28,604,207,615,212,3.6214,182100
-117.98,33.85,23,2089,377,1085,362,4.765,181500
-117.98,33.84,33,2291,439,1187,405,3.9539,191100
-117.98,33.84,35,984,179,661,199,5.0747,189600
-117.97,33.85,45,818,147,546,152,5.1057,170700
-117.96,33.84,31,2265,537,1617,507,3.4583,186300
-117.97,33.84,18,1063,209,462,223,2.8348,219000
-117.99,33.84,31,2982,547,1895,570,4.9115,255500
-117.97,33.83,16,2035,564,1118,503,3.2546,187500
-117.98,33.84,31,1252,225,714,226,4.6042,220700
-118.01,33.83,24,4639,1374,3093,1257,2.5577,202300
-118.01,33.83,23,1086,268,825,250,2.4609,219600
-117.99,33.83,25,3434,835,1749,657,3.2539,199000
-117.99,33.82,19,1991,528,1202,460,3.1538,252100
-117.99,33.82,33,2342,475,1367,509,4.1167,215500
-117.98,33.82,34,1290,220,867,241,5.5486,218100
-117.97,33.83,22,3310,688,1807,674,4.0185,200900
-117.97,33.82,26,2335,504,1121,502,2.9891,205200
-117.96,33.83,30,2838,649,1758,593,3.3831,197400
-117.96,33.83,29,1194,176,474,170,6.1001,298900
-117.94,33.82,34,1347,212,676,201,3.8828,215400
-117.94,33.82,27,1366,326,878,325,3.4,196900
-117.95,33.83,35,1107,207,641,210,5.0599,216700
-117.94,33.82,29,1422,409,1057,390,2.3347,208100
-117.93,33.82,28,2444,555,1848,567,3.0179,198800
-117.92,33.83,6,3136,990,1894,859,2.5564,171300
-117.93,33.83,30,1561,381,1104,391,3.375,201900
-117.93,33.84,34,2160,298,852,305,6.0531,287100
-117.91,33.84,26,1156,393,1880,400,2.2716,350000
-117.92,33.83,17,382,86,272,81,1.425,212500
-117.91,33.84,16,919,253,912,249,1.5903,165400
-117.91,33.84,25,1021,252,975,258,3.125,168100
-117.91,33.83,47,504,113,375,109,3.6607,160600
-117.91,33.83,37,1039,260,719,243,3.0288,161400
-117.92,33.83,36,1072,193,639,196,5.0275,179300
-117.92,33.83,52,1514,301,855,293,3.6042,166400
-117.91,33.83,32,1855,527,2568,504,2.5509,170800
-117.9,33.82,32,1187,302,1003,275,2.4931,166900
-117.91,33.82,29,1444,326,1038,271,2.3843,182900
-117.91,33.81,18,1181,353,781,340,2.5625,153100
-117.91,33.82,32,1408,307,1331,284,3.7014,179600
-117.9,33.8,21,1342,326,748,335,2.9231,45000
-117.9,33.8,23,1368,397,1940,358,3.0789,350000
-117.9,33.8,27,2176,442,1440,418,4.375,212500
-117.94,33.81,33,1891,334,932,343,4.2759,238000
-117.94,33.81,34,1290,203,664,204,5.8461,227400
-117.94,33.81,26,1589,259,735,315,4.5714,243200
-117.94,33.8,28,2914,489,1500,499,4.9429,254800
-117.93,33.8,29,1672,267,891,281,4.8611,231900
-117.95,33.82,35,1068,190,514,174,4.0735,208700
-117.95,33.82,35,1117,181,496,168,4.3269,224700
-117.96,33.82,32,2856,622,1499,601,3.63,183400
-117.96,33.82,32,2726,556,1513,531,3.7917,197400
-117.96,33.81,35,1153,192,884,208,5.2384,177400
-117.96,33.81,34,1416,277,980,284,4.7772,182500
-117.96,33.82,29,2176,468,1632,428,3.707,180400
-117.96,33.82,19,1199,251,730,276,3.6422,209400
-117.96,33.81,34,1941,356,1021,339,4.4663,183900
-117.95,33.81,24,2749,498,1367,460,4.025,240700
-118.01,33.81,25,1831,345,809,339,4.5179,177100
-118,33.82,24,3002,644,1495,634,3.1087,202800
-118,33.81,17,2142,436,946,412,3.7059,146300
-118,33.81,17,1530,404,883,344,2.8835,196500
-117.99,33.81,23,3284,795,3257,758,2.4526,182900
-117.99,33.81,46,38,8,66,14,4.1667,162500
-117.98,33.81,35,897,156,479,161,5.152,215600
-117.97,33.81,30,2406,462,1753,456,4.485,180600
-117.99,33.8,25,3179,639,2526,623,3.3281,180800
-117.99,33.79,29,2470,560,1589,513,3.1801,190500
-117.99,33.79,35,2301,467,2272,454,3.9566,167800
-117.98,33.79,35,2356,478,1659,480,4.1115,179700
-117.98,33.8,32,2161,432,1503,402,4.3036,191400
-117.97,33.79,33,3268,641,1704,591,3.6849,211400
-118,33.79,18,3679,694,1820,652,3.6531,143500
-117.98,33.78,31,2825,546,1908,563,3.9798,187500
-117.97,33.79,34,2456,410,1289,442,4.1818,224200
-117.99,33.78,19,7399,1698,3554,1593,3.1049,173900
-117.97,33.78,35,3148,597,2110,587,3.9479,203800
-117.98,33.78,22,4255,971,2901,920,3.2636,180200
-117.96,33.8,33,1984,420,1119,387,3.4821,231300
-117.96,33.79,36,2398,403,1261,402,5.2816,221800
-117.96,33.8,33,2362,394,1185,387,4.425,188400
-117.95,33.79,34,2584,408,1233,405,5.6935,218300
-117.95,33.78,26,4115,883,2184,825,3.9536,191000
-117.96,33.79,29,1813,501,1170,482,2.0677,214500
-117.96,33.78,35,1330,201,658,217,6.37,229200
-117.95,33.8,34,1654,285,905,292,4.6389,214600
-117.94,33.79,24,4179,784,1902,733,4.7986,236500
-117.93,33.78,36,2169,359,1018,370,4.3906,231300
-117.94,33.78,34,2627,468,1409,450,4.7731,199200
-117.92,33.79,35,1785,288,1033,297,4.5739,190500
-117.92,33.79,29,3692,969,2683,881,3.1726,198700
-117.92,33.78,35,1654,323,1065,354,3.4837,186500
-117.95,33.78,9,3553,1035,2017,986,2.9726,133800
-117.94,33.77,33,2964,747,2235,718,3.2591,175900
-117.94,33.78,40,299,68,163,70,3.0125,166100
-117.96,33.78,33,1520,239,658,242,4.875,269300
-117.97,33.77,22,2244,575,1543,533,2.6618,179600
-117.98,33.77,7,2252,570,1576,550,3.6333,169800
-117.97,33.76,18,1862,399,1301,369,3.1771,194000
-117.98,33.76,29,1518,312,1086,317,4.32,196900
-117.97,33.76,28,1386,272,901,294,4.7464,187500
-117.96,33.76,24,1328,290,1012,306,4.2813,189500
-117.94,33.76,33,1441,337,1233,331,3.7232,176200
-117.95,33.76,24,3956,812,3196,795,4.3512,191400
-117.95,33.75,19,1983,283,1098,275,6.6355,276100
-117.95,33.75,24,2027,358,1405,341,5.1416,231400
-117.97,33.76,27,1712,325,1036,345,4.0508,183900
-117.97,33.75,32,1564,270,973,290,3.75,190400
-117.93,33.75,15,2448,602,1666,575,3.5967,141600
-117.93,33.76,21,2884,662,2613,645,4.05,177900
-117.92,33.75,19,1920,471,1413,432,4.0313,147500
-117.89,33.77,29,2577,445,1849,470,4.4732,194800
-117.9,33.77,35,2002,378,1726,387,3.9613,182300
-117.91,33.77,26,5556,1398,4545,1333,3.0902,190400
-117.91,33.76,22,7531,1569,5254,1523,3.8506,167400
-117.92,33.76,26,784,177,662,169,2.8438,174300
-117.92,33.75,23,893,223,1149,216,2.6442,156300
-117.92,33.75,32,790,199,1196,201,3.0625,142800
-117.91,33.75,8,2346,679,3842,674,3.0635,160000
-117.93,33.74,15,1206,282,677,270,3.9219,142600
-117.93,33.74,30,1654,434,1843,467,3.1403,153000
-117.93,33.74,5,639,197,666,197,3.3017,87500
-117.92,33.74,13,4620,1265,3385,1109,3.1773,186500
-117.92,33.74,18,1639,491,2513,458,2.1838,159700
-117.91,33.74,15,715,214,1394,244,3.3846,162500
-117.93,33.73,27,3662,834,3009,743,3.9816,179500
-117.94,33.74,24,4248,840,3118,798,4.2222,207200
-117.94,33.73,24,4197,718,2468,714,5.2563,211400
-117.95,33.74,25,1393,243,976,245,5.4485,225200
-117.98,33.71,26,1905,373,1098,368,4.8611,229600
-117.96,33.68,26,1374,234,731,244,6.0905,224800
-117.97,33.68,23,1722,316,865,309,4.6452,273800
-117.96,33.68,25,2004,349,1085,343,4.7656,230700
-117.96,33.68,18,2594,539,817,485,2.3674,219200
-117.96,33.68,24,6517,1279,3441,1198,4.25,152100
-117.97,33.68,26,3653,568,1930,585,5.7301,260900
-117.95,33.66,22,2785,441,1086,392,7.3719,337400
-117.98,33.65,22,3335,754,1500,719,3.7315,197900
-117.98,33.65,18,1027,206,436,180,4.2159,211300
-117.97,33.74,18,2814,539,1439,493,3.599,262000
-117.97,33.73,26,1694,260,885,279,5.0875,224200
-117.96,33.74,19,1783,415,1025,383,4.1484,230000
-117.96,33.73,22,3479,455,1454,488,6.6324,347600
-117.97,33.72,24,2991,500,1437,453,5.4286,273400
-117.95,33.72,21,3107,483,1688,503,5.9582,288000
-117.96,33.72,23,3929,559,1858,538,6.8645,318200
-117.93,33.73,19,4021,557,1872,545,6.7919,295600
-117.93,33.72,17,4461,585,2095,580,7.6709,319500
-117.92,33.73,17,1692,293,934,280,4.4728,205800
-117.92,33.73,14,5147,1182,3171,1126,3.9929,225800
-117.92,33.72,17,3318,502,1520,498,5.5501,274200
-117.95,33.71,16,6058,1715,3285,1495,3.4133,290900
-117.94,33.71,18,3695,602,1779,572,5.9449,276500
-117.98,33.69,22,3957,520,1774,527,7.0907,350200
-117.96,33.7,23,4417,740,1865,693,5.3428,279300
-117.96,33.69,17,2500,343,1242,368,7.7313,316700
-117.98,33.7,24,3451,504,1736,493,6.3749,278000
-117.98,33.71,24,3430,548,1601,512,5.6825,264600
-117.97,33.71,25,3273,478,1645,497,5.8195,286100
-117.99,33.69,17,3386,729,1715,666,3.7479,213000
-117.97,33.67,25,3906,660,1809,622,5.6765,265100
-117.96,33.67,16,5143,652,2209,637,7.0173,382100
-117.96,33.65,23,5379,684,1826,555,7.0151,350600
-117.97,33.63,25,2482,360,960,352,6.1572,344000
-117.96,33.65,24,4462,689,1943,712,5.7395,289800
-117.96,33.65,18,3603,879,1549,756,4.0229,363100
-117.97,33.73,18,3698,574,2046,614,6.2984,269800
-117.98,33.72,28,3109,561,1891,562,5.2655,243100
-117.97,33.66,14,6090,1338,1974,1248,2.8061,180300
-117.98,33.68,24,4177,624,1704,606,6.2473,281900
-117.97,33.68,16,4508,598,2221,623,7.3731,390800
-118.01,33.67,16,3581,780,1644,774,5.041,397600
-118.01,33.66,19,4559,1045,1949,910,4.355,429200
-118,33.66,25,4041,903,1689,784,4.2289,442700
-117.99,33.68,18,2024,462,1047,451,3.5848,186900
-117.99,33.68,14,3305,841,2272,769,3.4899,216700
-117.99,33.67,12,2228,479,1122,488,4.0385,350000
-118.02,33.62,11,3969,834,1508,754,4.3409,271400
-118,33.68,12,5241,985,2048,943,6.4858,285400
-117.99,33.71,17,1600,458,1803,432,2.7865,216700
-118.02,33.7,23,5069,770,2473,769,6.3047,285700
-118.01,33.73,23,4095,578,1766,589,6.7418,302500
-118.02,33.73,24,6393,1141,2743,1057,5.1384,336900
-117.99,33.72,26,1787,275,801,270,5.5514,255700
-118.01,33.71,18,6565,1357,3079,1248,4.7515,295600
-117.99,33.7,13,4013,903,1999,859,4.625,248800
-117.99,33.69,16,1476,294,886,270,5.3259,216400
-118.03,33.7,15,3244,421,1259,413,7.7854,395300
-118.07,33.67,13,5126,711,2429,718,9.5268,437900
-118.04,33.72,14,4494,1048,2222,963,4.7821,169400
-118.04,33.72,15,1836,490,942,477,4.0238,182500
-118.09,33.7,13,4770,969,2261,972,5.883,295100
-118.09,33.75,32,6239,974,2615,950,6.6188,380000
-118.11,33.75,15,2569,812,785,477,5.4011,346400
-118.07,33.73,13,1822,313,643,303,9.8346,401700
-118.08,33.72,14,2021,396,696,367,7.1673,340700
-118.05,33.72,17,1875,472,900,406,5.2589,226100
-118.09,33.77,26,1388,409,515,392,1.8015,62000
-118.08,33.77,26,2461,562,971,544,2.1944,87500
-118.08,33.77,26,2013,551,664,510,2.2708,67500
-118.09,33.76,26,1625,440,533,414,1.808,58500
-118.08,33.76,26,996,364,366,313,1.2813,46700
-118.08,33.76,27,529,159,193,155,2.0952,71300
-118.09,33.77,27,2301,640,847,627,1.7208,67500
-118,33.76,26,1876,455,1499,436,2.925,176000
-118.01,33.75,30,3380,722,2269,652,4.525,186000
-118,33.75,26,1382,387,1977,368,2.7589,137500
-118,33.74,25,2767,346,1148,372,6.394,316700
-118.02,33.76,27,2905,587,1781,561,4.25,214800
-118.02,33.75,26,2989,479,1596,475,5.7157,231200
-118.04,33.76,16,2070,263,878,297,7.0879,338800
-118.04,33.74,26,2532,421,1274,441,5.3559,235800
-118.02,33.73,26,3711,610,1902,597,5.5599,234100
-117.98,33.75,24,3865,802,2670,772,3.8158,180000
-117.98,33.75,37,1264,274,783,273,3.3438,199600
-117.99,33.75,30,1859,462,1314,418,3.0909,184400
-117.98,33.74,29,3443,635,2257,620,4.7404,207500
-117.98,33.74,16,4636,908,2341,825,4.4261,304700
-117.99,33.73,17,5239,1045,2440,985,4.375,248100
-117.98,33.73,22,4232,624,2408,660,6.6539,284900
-117.99,33.76,17,2545,737,1468,699,1.9439,177700
-117.99,33.75,22,3024,754,2357,743,3.3125,191800
-117.98,33.76,23,1553,518,1988,474,2.1375,150000
-118.02,33.77,34,2115,352,1253,338,5.1507,207500
-118.02,33.77,33,2683,436,1520,456,5.0091,211500
-118.02,33.76,25,1759,404,1404,385,3.6289,195800
-118.01,33.77,32,1771,296,995,272,5.8362,217500
-118.01,33.76,35,2072,349,1249,317,3.9855,191900
-118,33.77,24,1324,267,687,264,3.4327,192800
-118,33.76,29,1982,503,1426,502,3.0263,194200
-118,33.77,28,2401,503,1155,456,3.5139,211700
-118,33.76,14,1120,319,982,307,2.9083,179200
-118,33.76,12,1250,331,1047,334,3.0625,208800
-118.03,33.76,32,2980,494,1370,481,5.0866,223500
-118.03,33.79,26,5321,889,2932,896,5.8914,237600
-118.01,33.79,30,2460,403,1277,395,5.4372,223200
-118.02,33.78,28,3375,559,1754,554,5.5446,228900
-118.01,33.78,19,2648,478,1160,452,5.9357,207400
-118.01,33.78,26,2343,377,1166,373,6,233100
-118.03,33.78,25,3554,528,1600,537,6.6453,270100
-118.04,33.78,26,3642,557,1623,569,5.8426,259400
-118.04,33.78,25,3715,575,1640,572,5.7705,247100
-118.08,33.8,29,3675,613,1457,591,6.0553,369400
-118.07,33.8,34,3486,507,1311,503,7.1221,384500
-118.08,33.79,34,2840,395,1127,396,7.6144,376200
-118.09,33.78,26,2146,298,852,296,6.6137,342700
-118.07,33.79,34,2473,383,967,353,5.8283,362400
-118.09,33.79,31,4231,617,1694,623,6.6312,360100
-118.08,33.78,30,2879,403,1109,414,6.9324,364700
-118.02,33.8,24,84,14,32,8,5.875,193800
-118.05,33.78,25,2356,330,937,326,6.6264,359100
-118.06,33.78,22,4048,562,1637,541,7.3463,355600
-118.04,33.8,33,2685,466,1359,476,5.0261,245100
-118.06,33.8,22,1892,442,1015,404,4.1379,212500
-118.05,33.79,19,1863,355,1260,317,3.2465,277400
-118.04,33.84,21,6623,1204,3193,1129,4.5395,256000
-118.04,33.83,19,4526,830,2318,748,4.6681,320700
-118.04,33.83,20,1488,312,972,283,4.055,201900
-118.05,33.82,25,1548,279,732,265,5.123,159600
-118.06,33.81,25,3497,513,1839,544,5.4216,263000
-118.07,33.81,22,2711,352,1305,368,8.5407,398800
-118.02,33.82,19,2485,437,1286,431,4.7466,258300
-118.03,33.83,25,3030,532,1668,509,4.625,229600
-118.06,33.83,22,5290,1054,2812,1021,4.53,226400
-118.05,33.83,24,4316,678,2286,665,5.7018,286700
-118.06,33.83,21,3941,655,1897,670,4.88,343900
-118.04,33.81,22,4057,624,2204,643,5.8527,241000
-118.04,33.81,27,2990,515,1849,497,5.6846,216100
-118.05,33.81,26,2523,437,1377,450,5.2542,234600
-118.04,33.85,24,2233,347,1162,355,5.6094,279200
-118.05,33.85,25,2856,388,1212,362,6.1737,313100
-118.03,33.85,16,1831,390,1347,389,3.8426,344400
-118.01,33.83,29,3963,772,2104,743,4.9803,208600
-118.02,33.85,31,1922,329,1030,353,5.3416,213000
-118,33.85,34,1078,205,575,206,4.5083,188000
-118.01,33.86,29,2307,452,1218,402,3.4306,194200
-118.03,33.84,30,4781,831,2568,797,5.4746,226400
-117.99,33.86,36,1138,228,725,219,3.4167,187200
-117.99,33.85,34,1948,306,957,304,4.9777,212600
-118,33.85,33,2053,418,1154,405,4.0455,197200
-118,33.86,32,1162,196,563,178,3.875,203000
-117.99,33.85,35,1661,272,949,276,5.2548,192600
-118,33.84,30,1549,325,885,299,4.0039,195100
-118.01,33.87,25,6348,1615,4188,1497,3.139,185700
-118.01,33.88,19,1434,391,1088,341,3.369,269600
-117.99,33.88,15,2298,567,1261,527,4.2422,159400
-117.99,33.88,42,1461,302,986,314,3.9559,161100
-118,33.88,18,2628,720,2276,649,2.735,170800
-117.99,33.89,21,5195,1020,2539,988,4.5033,160500
-117.99,33.89,23,2111,306,979,288,8.5621,347800
-117.97,33.89,17,1740,445,1158,412,2.8649,137500
-117.97,33.88,9,1344,279,530,265,5.0731,185100
-117.97,33.88,11,1454,247,635,236,6.2427,218500
-117.97,33.89,15,3801,542,1992,526,9.0683,367400
-117.97,33.88,16,2003,300,1172,318,6.0394,321600
-117.97,33.89,14,923,136,420,130,10.2252,462800
-120.06,39.09,30,2979,583,316,124,2.1987,124000
-120.06,39.15,22,2213,372,98,42,1.1912,170000
-120.18,39.14,25,2171,386,248,116,3.0375,171900
-120.16,39.14,21,2484,460,309,144,3.9722,127800
-120.18,39.17,18,1703,360,354,163,3.6563,146900
-120.15,39.17,32,1684,359,454,209,2.9125,145800
-120.15,39.2,14,1382,242,141,66,4.1016,283300
-120.1,39.19,17,1480,241,202,80,3.9375,213200
-120.1,39.2,20,1703,294,409,174,3.087,196900
-120.08,39.23,19,1746,306,251,104,4.8182,146900
-120.06,39.25,21,2459,525,584,233,3.01,163500
-120.04,39.24,30,2369,469,510,213,2.65,123800
-120.02,39.24,22,2309,571,919,342,3.0057,93600
-120.83,39.02,15,1117,242,551,229,2.6319,97700
-121.06,38.91,18,6501,1416,2954,1373,2.5373,143000
-121.08,38.9,27,3436,755,1568,709,2.4273,138400
-121.08,38.89,41,3471,753,1680,710,2.6701,139000
-121.15,38.89,20,2024,313,879,309,5.2903,239400
-121.12,38.86,17,3949,717,1683,686,3.3802,216500
-121.08,38.85,10,2509,422,1037,389,6,220100
-121.16,38.74,17,3353,463,1417,447,5.1721,237100
-121.14,38.84,22,2750,433,1161,428,4.2143,236500
-121.14,38.82,22,1816,278,832,278,5.07,233000
-121.24,38.75,5,9137,1368,3667,1294,5.4896,229600
-121.27,38.74,19,3869,887,2086,685,2.6065,154900
-121.27,38.72,6,4664,644,2105,663,6.0804,198700
-121.25,38.72,10,7277,1168,3507,1131,4.485,179400
-121.27,38.75,21,4812,1117,1985,1045,2.5083,128500
-121.3,38.73,9,5558,1099,2717,1043,3.6455,139200
-121.36,38.73,21,2253,416,1050,411,3.141,220100
-121.32,38.74,14,1449,228,670,232,4.3897,186300
-121.31,38.75,7,4185,750,2147,706,4.0519,129200
-121.28,38.75,52,493,89,189,94,2.108,83800
-121.33,38.77,3,20214,3559,8361,3112,4.2259,169300
-121.27,38.75,43,1292,307,647,249,2.7188,85300
-121.28,38.8,7,9003,1739,4445,1591,3.816,147900
-121.24,38.78,18,549,143,249,136,0.8691,136500
-121.23,38.78,13,3813,871,1513,783,2.0807,142600
-121.24,38.79,23,1419,261,706,269,3.1875,110200
-121.23,38.79,45,907,176,463,190,2.2292,92000
-121.22,38.8,11,2521,521,1390,477,3.5265,124800
-121.19,38.87,20,3118,500,1405,519,6,209400
-121.21,38.83,21,3691,640,1758,603,3.5607,151900
-121.3,39,16,3155,541,1630,540,4.0282,126400
-121.29,38.9,45,2019,394,1104,407,3.1691,108700
-121.28,38.9,31,1297,259,765,240,2.7656,93600
-121.3,38.89,23,1750,297,1012,315,3.4706,99300
-121.3,38.89,45,1529,317,793,281,2.9866,91300
-121.14,38.92,16,2069,312,889,299,4.6771,212000
-121.1,38.94,42,410,117,706,112,1.0179,125000
-121.05,38.92,34,2144,372,899,378,3.3021,158800
-121.19,38.95,16,2544,431,1199,412,4.5129,196300
-121.1,38.95,17,1475,403,943,363,2.1287,55300
-121.06,38.98,14,2267,355,1140,369,4.7019,212800
-121.05,38.97,12,3676,550,1572,510,4.8214,201900
-121.08,38.95,18,1931,380,1271,377,2.7463,156100
-121.07,38.94,14,1710,294,839,297,4.7143,150700
-121.04,38.95,22,1931,445,1009,407,2.75,153200
-120.87,39.18,25,2691,598,964,373,3.9196,142700
-120.87,39.15,17,1819,389,736,283,2.8603,128900
-120.18,39.28,14,10098,1545,701,254,4.0819,141300
-120.98,39.08,20,4570,906,2125,815,3.0403,148000
-120.94,39.05,8,3758,717,1744,661,3.1972,151500
-120.98,39.93,25,2220,511,912,449,1.8914,87800
-120.95,39.93,26,2023,385,922,365,2.8125,83500
-120.93,39.9,20,1511,328,791,320,2.0221,70900
-120.9,39.95,20,1349,238,601,203,3.5417,96600
-121,39.75,8,1116,214,27,39,2.5893,83000
-121.14,39.86,16,2534,557,638,244,2.2101,88800
-120.53,39.79,18,1234,266,543,201,2.5156,71900
-120.48,39.78,11,513,104,204,86,2.375,1e+05
-120.46,39.83,18,3406,673,1567,617,2.2717,75900
-120.38,39.82,10,1262,258,510,209,2.1667,92800
-120.15,39.8,19,785,151,366,140,3.0625,82500
-120.91,40.08,24,1629,313,641,274,2.2067,69600
-120.94,40.14,31,3127,664,1345,580,1.5774,58000
-121.23,40.01,38,725,190,219,115,1.625,75000
-121.24,40.31,36,1597,301,632,262,3.5962,93600
-121.23,40.29,21,3229,667,1501,582,2.1524,77100
-121.19,40.23,10,1572,232,247,104,5.8453,193800
-121.08,40.19,11,919,199,69,43,1.6944,137500
-121.14,40.29,17,1944,394,384,172,1.6875,111500
-117.37,34,36,730,155,476,142,2.4306,88900
-117.36,34,19,4592,895,2769,838,3.3622,105100
-117.37,34.01,15,1386,247,703,185,3.6415,124200
-117.38,33.99,52,1797,332,905,313,2.7054,141700
-117.38,33.98,52,2274,571,1167,504,2.0284,101600
-117.39,33.98,37,2337,452,948,437,3.145,169100
-117.38,33.97,29,1157,297,2027,253,1.6389,155000
-117.38,33.98,10,642,176,462,186,2.1528,162500
-117.37,33.97,34,3676,697,2653,682,2.5804,92400
-117.37,33.98,52,201,44,130,24,2.025,125000
-117.35,33.99,45,131,28,89,31,2.6071,112500
-117.35,33.97,27,3960,886,2807,838,3.024,122500
-117.36,33.97,32,1625,335,1212,327,2.7596,82200
-117.36,33.98,33,2070,469,1851,467,2.4667,80700
-117.37,33.96,33,3974,548,1398,528,7.2519,216600
-117.35,33.95,28,1650,210,557,211,7.6632,204800
-117.36,33.92,7,9376,1181,3570,1107,8.5326,315200
-117.39,33.96,52,1992,345,948,358,3.2917,129300
-117.4,33.96,51,1806,322,709,298,3.575,125500
-117.39,33.97,48,1915,348,1060,376,3.4044,117900
-117.4,33.97,41,1707,276,660,269,3.8618,134800
-117.41,33.96,32,2837,617,1393,595,2.3798,118800
-117.41,33.96,24,4481,901,2398,823,3.864,123400
-117.44,33.95,31,914,177,556,161,3.7344,115300
-117.4,33.95,32,1979,491,954,444,2.4408,117300
-117.41,33.95,37,1586,283,675,305,2.9583,132100
-117.42,33.96,33,2275,469,1691,459,2.7452,98100
-117.38,33.96,30,3153,623,1544,575,3.4491,133800
-117.39,33.95,36,1380,269,598,262,3.1667,122900
-117.39,33.95,35,1599,284,721,287,4.125,120700
-117.4,33.95,43,633,166,292,135,1.1601,121400
-117.39,33.93,26,3014,494,1832,485,4.8333,127900
-117.39,33.95,35,3306,680,1742,673,3.7109,109100
-117.4,33.94,30,1198,251,1019,214,3.0509,82700
-117.4,33.93,35,1468,298,1168,261,2.2222,81300
-117.41,33.93,35,793,150,669,128,4.0156,89300
-117.41,33.94,33,2074,476,911,420,2.87,117600
-117.41,33.94,22,4179,1081,2096,1013,2.4435,118500
-117.42,33.94,26,2420,532,1383,469,3.5403,113500
-117.43,33.95,36,2284,444,1425,405,4.0526,104500
-117.43,33.93,15,4836,1368,3012,1240,2.1865,129300
-117.43,33.93,31,1273,262,686,254,2.4922,109400
-117.44,33.93,33,1371,236,715,227,4.375,129900
-117.45,33.93,20,5998,1320,3185,1199,3.2731,113900
-117.45,33.92,35,2552,588,1840,551,2.2548,113300
-117.4,34.01,25,1858,366,1311,331,2.7083,87800
-117.41,34.01,34,1231,216,841,199,2.6442,92000
-117.43,34.02,33,3084,570,1753,449,3.05,97800
-117.43,33.98,21,2634,421,1376,406,4.2589,152200
-117.45,34.01,26,3042,598,1720,551,2.76,95200
-117.41,34,26,2372,621,1647,612,1.4719,88600
-117.44,33.99,12,9966,1517,5008,1492,4.5625,171300
-117.49,33.99,21,2050,392,1153,336,4.84,116400
-117.5,33.98,21,2394,416,1291,381,4.2099,138700
-117.47,33.98,8,12106,1913,5810,1717,4.9886,158100
-117.49,34.02,21,3736,738,2021,640,4.4545,142400
-117.48,34,12,6751,1153,3266,1134,3.8529,145500
-117.51,34,36,3791,746,2258,672,3.2067,124700
-117.52,33.99,14,13562,2057,7600,2086,5.2759,182900
-117.53,33.97,34,1293,215,774,217,3.8906,141000
-117.51,33.97,35,352,62,184,57,3.6691,137500
-117.53,34.02,19,256,34,101,28,5.3269,375000
-117.6,33.94,26,2925,575,1921,501,3.1859,153100
-117.53,33.94,21,5675,935,2834,865,4.2263,203200
-117.56,33.94,29,266,42,136,40,1.625,164300
-117.57,33.93,3,1240,151,519,146,7.5408,271900
-117.55,33.95,17,3196,444,1581,462,5.9333,229400
-117.59,33.91,7,10223,1491,5205,1509,5.4872,203400
-117.55,33.89,25,2999,439,1396,458,5.6973,164800
-117.52,33.89,2,17978,3217,7305,2463,5.1695,220800
-117.55,33.93,25,5187,934,2725,860,4.1865,154300
-117.55,33.9,21,1839,324,871,307,3.4459,198800
-117.53,33.92,12,2290,319,728,228,6.1561,233500
-117.57,33.91,22,2620,396,1324,362,5.3735,214600
-117.59,33.93,17,338,47,200,46,7.8118,244200
-117.5,33.93,19,4741,835,2903,796,4.3723,135600
-117.5,33.92,31,2529,513,1504,426,2.9821,115600
-117.5,33.92,28,2101,337,1061,348,4.55,146800
-117.46,33.94,26,2481,620,2411,552,1.7059,85800
-117.49,33.94,28,2787,490,1684,467,4.0256,127100
-117.46,33.93,16,4112,880,2821,857,3.0122,114700
-117.46,33.93,19,4780,861,3043,766,3.7431,132800
-117.47,33.93,33,919,208,724,235,3.4028,110500
-117.47,33.94,34,2086,417,1501,395,3.2311,105600
-117.47,33.91,21,3491,760,1920,669,2.2241,127300
-117.49,33.9,7,10235,2238,5271,2094,3.6071,159100
-117.48,33.91,22,3611,666,1869,649,4.2207,141100
-117.51,33.89,16,5418,1005,2690,1088,4.0556,158000
-117.51,33.88,24,3044,602,2541,564,4.131,123800
-117.5,33.87,4,6755,1017,2866,850,5.0493,239800
-117.58,33.89,14,1731,404,1269,351,2.3654,107900
-117.55,33.88,19,2472,618,2143,610,2.2372,108800
-117.57,33.88,35,1755,446,1453,428,2.316,119400
-117.57,33.88,39,679,164,769,179,2.3036,110600
-117.58,33.87,42,765,171,590,177,1.6875,113500
-117.59,33.88,7,3586,959,2695,877,2.4387,117000
-117.59,33.88,13,3239,849,2751,813,2.6111,107000
-117.57,33.87,27,1786,287,939,278,5.1929,165000
-117.58,33.87,30,701,131,356,125,3.2917,144300
-117.58,33.87,34,1511,272,773,265,3.5313,142100
-117.55,33.85,4,8207,1373,3887,1304,4.8686,195300
-117.56,33.83,28,895,127,346,115,5.4788,339300
-117.58,33.85,6,16431,2640,8222,2553,5.2861,195100
-117.54,33.82,6,202,29,75,28,4.125,216700
-117.6,33.85,9,6538,955,2928,892,5.3006,221400
-117.56,33.86,25,6964,1066,3240,1036,5.2898,177100
-117.55,33.87,18,8136,1584,4976,1516,3.9414,137100
-117.6,33.87,18,6450,1165,3716,1113,4.2721,150300
-117.6,33.87,15,7626,1570,3823,1415,3.4419,138100
-117.64,33.87,2,17470,2727,5964,1985,6.2308,257900
-117.52,33.84,20,688,146,575,144,3.55,111000
-117.52,33.83,22,2397,400,1347,403,4.46,189800
-117.53,33.83,7,2191,324,1156,310,5.5362,195600
-117.52,33.82,14,3776,580,1877,559,5.1365,215000
-117.36,33.88,15,2857,421,1361,382,4.6875,189800
-117.33,33.9,2,12837,1842,4636,1453,5.1512,187800
-117.34,33.89,17,2678,394,1225,367,5.363,211300
-117.38,33.89,12,3964,524,1707,549,5.1624,267900
-117.36,33.88,10,5600,848,2573,788,5.0346,240500
-117.26,33.86,16,1171,235,659,216,3.1103,110000
-117.4,33.76,8,1954,330,973,321,4.4875,249100
-117.32,33.87,15,826,138,440,134,4.8125,173900
-117.28,33.89,33,6982,1371,5650,1195,2.5379,152700
-117.34,33.96,15,6437,1298,2805,1205,4.1883,184500
-117.32,33.96,19,3216,666,1363,629,3.7585,144500
-117.31,33.94,7,11232,1791,4218,1644,5.2713,216500
-117.33,33.98,52,1417,353,881,300,1.9531,162500
-117.31,33.97,28,3420,691,1502,656,3.4896,140300
-117.34,34.02,28,2683,708,2047,636,2.275,85400
-117.24,33.95,11,6617,1118,3710,1087,4.7877,132600
-117.23,33.96,5,9179,1361,4573,1294,5.253,163300
-117.14,33.94,5,4873,639,1947,568,6.3223,223200
-117.28,33.94,10,972,212,773,219,1.3125,135700
-117.24,33.94,15,1569,423,1123,369,1.6111,113900
-117.24,33.93,12,7105,1447,4520,1333,3.2705,113200
-117.25,33.93,8,10110,1761,5804,1703,4.2654,137600
-117.25,33.92,7,9812,1914,5595,1729,4.1482,124600
-117.23,33.91,9,11654,2100,7596,2127,4.0473,127200
-117.23,33.89,5,11775,2031,6686,1911,4.1953,136600
-117.23,33.94,8,2405,537,1594,517,3.0789,114200
-117.22,33.93,14,5104,1026,3513,972,3.2148,117000
-117.22,33.9,8,8302,1461,5155,1370,4.0467,121500
-117.19,33.9,3,21060,3366,9623,2812,4.189,143000
-117.17,33.83,7,77,12,64,15,4.6,187500
-117.2,33.83,14,1265,230,621,173,3.6618,161300
-117.2,33.72,8,5528,1073,1674,918,2.5335,110100
-117.2,33.7,23,6323,1196,1984,1124,2.3276,92400
-117.19,33.7,24,5783,1256,1990,1151,1.9014,83500
-117.27,33.68,8,26322,4072,9360,3361,5.3238,228900
-117.25,33.7,10,5156,941,2294,747,3.58,113400
-117.22,33.66,12,1869,356,1007,323,3.125,117200
-117.11,33.83,14,2715,500,1540,464,3.8036,139600
-117.11,33.78,13,1914,339,930,304,4.1875,161200
-117.18,33.78,7,1697,424,808,354,1.3417,169300
-117.16,33.76,11,4934,929,2508,840,2.625,155400
-117.22,33.74,7,1810,386,931,355,2.5221,109200
-117.06,33.78,17,2813,565,1345,488,2.5847,145300
-117.09,33.71,13,1974,426,1276,408,1.972,90500
-117.11,33.74,18,4799,1035,1966,944,2.1182,71300
-117.15,33.7,2,6305,1265,2489,1152,3.1319,111500
-117.16,33.73,10,2381,454,1323,477,2.6322,140700
-117.23,33.78,23,3465,703,2672,607,1.9767,81500
-117.26,33.81,22,4249,922,2405,846,2.1549,146500
-117.28,33.72,11,1161,235,640,210,2.1667,114600
-117.39,33.69,5,6529,997,3464,1006,5.3275,168700
-117.34,33.71,10,2591,486,1255,425,3.1513,154300
-117.31,33.67,9,981,169,596,156,3.1832,157400
-117.33,33.67,27,4376,1003,2667,870,1.9194,100600
-117.35,33.68,10,516,107,282,96,4.2788,125000
-117.38,33.67,9,13288,2728,7235,2350,3.375,131800
-117.38,33.67,17,10145,2306,4776,1749,2.2423,132600
-117.35,33.64,23,6859,1535,3405,1351,2.5395,109200
-117.28,33.66,15,4573,928,2513,832,2.6949,163600
-117.43,33.55,8,446,62,188,68,9.4356,465600
-117.36,33.6,10,4097,813,2082,731,3.2258,159300
-117.2,33.58,2,30450,5033,9419,3197,4.5936,174300
-117.16,33.57,2,20391,3245,7132,2716,3.9443,187300
-117.16,33.54,4,4952,1000,2912,943,3.7538,147500
-117.05,33.52,5,3471,530,1541,502,4.8083,347700
-116.96,33.62,8,1003,167,388,140,4.2917,221900
-117.19,33.53,6,108,18,43,17,3.475,187500
-117.12,33.49,4,21988,4055,8824,3252,3.9963,191100
-117.12,33.52,4,30401,4957,13251,4339,4.5841,212300
-116.99,33.46,13,1614,410,846,270,2.83,43000
-117.27,33.55,4,6112,890,2088,712,5.5351,429000
-117.02,33.71,6,8278,1579,3062,1446,3.0043,134700
-116.95,33.68,11,1183,178,543,147,4.4792,173900
-116.9,33.65,15,652,149,248,97,2.1071,93800
-116.9,33.74,14,2281,426,894,430,2.3712,127900
-116.95,33.75,23,4676,1096,2770,1057,1.7847,109500
-116.93,33.75,14,6027,1148,3136,1036,2.964,121500
-116.95,33.74,20,2233,431,1024,399,2.4554,89400
-116.94,33.74,19,2901,445,1414,475,4.6406,118900
-116.93,33.73,13,3603,573,1644,515,4.0433,132300
-116.96,33.75,35,3269,757,2328,705,2.5898,76300
-116.97,33.74,31,2712,628,1519,629,1.942,86200
-116.97,33.75,22,3740,965,2011,824,1.3039,77500
-116.97,33.74,20,3674,792,1498,758,2.2161,76900
-116.96,33.74,19,3649,755,1717,696,2.2115,87600
-116.94,33.77,14,7240,1410,2708,1240,2.4145,137600
-117,33.74,8,5330,1529,2143,1107,2.1103,94400
-117.02,33.73,14,3700,750,1171,695,1.9476,112500
-116.99,33.77,7,10352,2007,3559,1689,2.2925,113100
-117.02,33.76,20,1317,203,453,158,2.8393,120700
-117.02,33.81,10,6317,1335,2625,1094,2.3,108900
-116.96,33.79,21,2990,691,2108,660,2.0135,83000
-116.95,33.78,24,3409,804,1939,739,1.7303,74000
-116.87,33.76,5,4116,761,1714,717,2.5612,130800
-116.86,33.73,13,2604,443,978,417,2.933,170700
-117.04,34,25,3750,781,1594,785,2.4167,104900
-117.06,34,33,1575,326,879,282,2.5357,94400
-117.04,34,21,4624,852,2174,812,3.5255,132100
-116.97,33.96,12,5876,1222,2992,1151,2.4322,112100
-117.11,33.98,25,1254,312,715,301,2.7344,149000
-116.96,33.94,22,1999,497,1304,479,1.4063,81900
-116.79,33.99,16,319,68,212,67,1.4688,90000
-116.77,33.92,19,2307,525,1266,437,1.6875,63000
-116.89,33.86,2,6900,1238,1950,980,3.0417,146300
-116.97,33.94,29,3197,632,1722,603,3.0432,91200
-116.97,33.93,29,2793,722,1583,626,1.424,73200
-116.98,33.93,33,376,83,267,88,2.1581,68300
-116.9,33.98,30,3915,672,1820,643,3.6339,98600
-116.93,33.93,13,7804,1594,3297,1469,2.0549,95600
-116.88,33.93,37,1495,429,865,342,1.2188,55000
-116.91,34,18,553,100,215,82,5.5,193800
-116.87,33.93,32,3141,812,2589,721,1.4556,54600
-116.87,33.91,37,1858,361,1632,310,2.7536,73100
-116.89,33.92,10,2653,621,1967,598,2.6643,81000
-116.75,33.83,16,5277,1070,657,276,3.3333,143400
-116.8,33.8,35,324,63,158,39,3.4167,1e+05
-116.68,33.71,21,3460,711,658,255,3.5882,161100
-116.89,33.48,14,1016,219,443,169,2.8071,137500
-116.87,33.57,12,1153,265,446,195,3.038,128100
-116.48,33.61,8,1294,272,457,199,2.9167,115300
-116.57,33.64,10,489,82,183,74,6.2702,345500
-116.69,33.5,13,1187,255,442,179,1.9107,155700
-116.39,33.82,15,11115,2257,4122,1653,2.7219,74400
-116.61,33.93,35,321,71,157,61,2.8056,68100
-116.57,34,20,260,67,69,50,3.5208,76600
-116.52,33.97,13,3921,754,1902,665,3.3616,89600
-116.51,33.96,16,4913,1395,2518,1132,1.4665,61100
-116.63,33.89,22,1540,364,610,268,1.5227,71000
-116.52,33.84,17,4465,859,853,445,3.6875,130400
-116.57,33.84,18,7962,1652,2009,921,3.3897,230200
-116.5,33.81,26,5032,1229,3086,1183,2.5399,94800
-116.54,33.81,31,6814,1714,2628,1341,2.1176,124100
-116.54,33.81,24,6087,1217,1721,833,3.1493,199400
-116.49,33.8,13,8789,1875,1274,688,3.7396,148900
-116.54,33.79,18,9374,1780,1678,919,3.9737,235600
-116.53,33.88,5,4423,763,1906,667,4.6855,125200
-116.48,33.84,5,5480,1371,1050,485,1.7204,137500
-116.48,33.79,14,9425,2020,1711,1000,2.6298,145200
-116.47,33.84,3,9169,1512,3838,1270,4.3111,142500
-116.47,33.81,7,10105,2481,6274,2095,2.4497,90900
-116.42,33.76,14,16921,2837,2524,1262,7.6281,341700
-116.4,33.78,8,3059,500,612,208,6.8729,259200
-116.45,33.8,9,5534,1206,2283,1008,3.6161,99100
-116.33,33.75,5,19107,3923,2880,1376,4.036,158500
-116.46,33.78,33,2565,745,2301,638,2.5477,83000
-116.47,33.77,26,4300,767,1557,669,4.4107,122500
-116.47,33.78,27,1781,441,759,340,3.3162,113600
-116.38,33.73,10,11836,2405,3811,1570,4.0079,134500
-116.37,33.72,17,8626,1859,3497,1337,3.312,121300
-116.39,33.72,19,7646,1618,2496,1075,3.5569,128000
-116.41,33.74,17,4289,893,958,440,2.4659,177800
-116.29,33.67,12,5048,842,883,391,5.6918,231300
-116.31,33.67,15,2214,410,1152,350,2.9187,93400
-116.31,33.66,7,4497,831,2248,713,3.6354,98000
-116.26,33.72,10,9404,1827,3208,1283,3.1086,105800
-116.22,33.7,9,3861,849,825,401,3.2833,124700
-116.25,33.75,33,278,91,375,81,2.025,50000
-116.24,33.71,10,9033,2224,5525,1845,2.7598,95000
-116.21,33.72,28,2488,714,2891,676,2.3169,68900
-116.22,33.73,38,1695,352,1279,305,2.1217,68500
-116.23,33.73,29,1133,221,918,239,2.8648,72100
-116.22,33.72,28,826,258,979,245,1.7172,58800
-116.11,33.64,20,1273,354,1548,355,2.0871,84700
-116.25,33.68,16,926,189,238,118,3.0114,366700
-116.12,33.53,17,2421,820,2971,685,1.654,1e+05
-115.84,33.49,20,1660,379,637,250,2.0347,68900
-116.17,33.67,18,3585,800,3873,788,2.5714,65900
-116.18,33.67,25,2888,654,2940,660,2.2141,66700
-114.98,33.82,15,644,129,137,52,3.2097,71300
-114.65,33.6,28,1678,322,666,256,2.9653,94900
-114.68,33.49,20,1491,360,1135,303,1.6395,44400
-114.57,33.64,14,1501,337,515,226,3.1917,73400
-114.57,33.57,20,1454,326,624,262,1.925,65500
-114.57,33.52,27,173,35,117,34,2.0833,45000
-114.59,33.61,34,4789,1175,3134,1056,2.1782,58400
-114.61,33.62,16,1187,261,1115,242,2.1759,61500
-114.6,33.62,16,3741,801,2434,824,2.6797,86500
-114.62,33.62,26,18,3,5,3,0.536,275000
-114.6,33.6,21,1988,483,1182,437,1.625,62000
-121.43,38.58,35,5298,954,1933,918,3.9167,155700
-121.43,38.57,38,2507,446,888,448,4.0972,163700
-121.44,38.58,43,1806,339,764,341,3.9271,147100
-121.43,38.57,46,2443,476,939,457,3.5893,142000
-121.44,38.57,52,3080,545,975,495,3.776,164500
-121.45,38.58,44,2314,415,796,388,3.4914,153900
-121.45,38.57,48,1962,356,704,362,3.5313,147900
-121.46,38.58,52,4408,807,1604,777,3.8914,181600
-121.47,38.58,43,3807,952,1484,850,2.3266,137500
-121.47,38.58,52,2035,483,904,459,2.6976,109300
-121.48,38.58,52,576,146,273,127,2.01,94300
-121.48,38.58,48,2434,744,1281,662,1.6277,140600
-121.48,38.59,52,1186,341,1038,320,1.6116,70500
-121.49,38.59,20,463,180,486,190,1.0313,85000
-121.49,38.58,52,1000,324,456,250,1.4375,168800
-121.5,38.58,20,4018,1220,1570,1122,2.5821,125000
-121.5,38.57,9,745,175,297,160,3.358,77500
-121.49,38.58,52,569,405,509,367,0.9196,137500
-121.48,38.57,52,567,193,272,187,1.625,187500
-121.49,38.57,49,1334,492,634,421,1.7568,93800
-121.49,38.57,38,2410,967,1091,829,1.2209,87900
-121.47,38.57,48,3136,926,1443,877,1.9034,123900
-121.47,38.57,52,438,103,176,99,3.0217,2e+05
-121.47,38.57,50,3233,968,1223,837,1.2041,168100
-121.48,38.58,52,2501,757,1081,708,1.5872,157500
-121.46,38.56,52,1750,372,764,369,2.9191,111800
-121.46,38.57,52,810,172,326,151,3.1583,140000
-121.46,38.57,52,893,159,367,160,3.2386,213200
-121.46,38.57,52,1917,367,722,358,3.1484,158900
-121.46,38.57,52,1625,419,614,383,2.0549,156700
-121.44,38.56,45,2423,466,873,438,3.7167,131900
-121.44,38.56,52,906,165,257,166,2.8542,139400
-121.43,38.56,46,1316,244,452,245,3.0938,137800
-121.45,38.57,52,3994,635,1295,625,5.1169,232500
-121.45,38.56,52,3420,555,1301,530,4.0417,173800
-121.42,38.55,35,182,39,115,43,2.6417,98900
-121.43,38.55,44,3514,714,1509,656,2.7333,100100
-121.45,38.55,19,3374,808,1412,753,1.4889,77600
-121.46,38.56,52,1878,393,722,381,3.3348,122800
-121.45,38.56,51,1250,235,452,232,2.625,121200
-121.46,38.55,52,2094,463,1364,407,1.2235,68500
-121.47,38.56,51,2083,559,874,524,2.0221,95800
-121.47,38.56,44,1986,573,1044,490,1.7328,88100
-121.48,38.56,44,1151,263,518,258,2.0089,113600
-121.48,38.56,46,1476,344,688,353,2.7316,134700
-121.48,38.57,38,1145,324,596,288,1.78,114300
-121.49,38.56,42,900,239,506,231,1.2813,87500
-121.5,38.57,45,858,254,510,200,1.0114,80000
-121.51,38.55,45,3032,631,1341,597,2.8417,137900
-121.49,38.56,52,1844,392,667,353,3.0033,103500
-121.5,38.55,52,2784,455,957,448,5.6402,209800
-121.49,38.56,52,1777,368,624,350,3.6729,137800
-121.49,38.54,47,2313,536,779,442,2.5639,123000
-121.5,38.55,49,4094,634,1363,659,5.2362,236800
-121.48,38.55,52,2508,360,832,345,7.1035,228700
-121.48,38.56,50,1587,448,877,380,2.0833,94300
-121.48,38.55,52,2216,333,714,327,4.8603,191900
-121.48,38.56,52,814,216,327,181,2.8542,125000
-121.47,38.55,29,1303,308,861,263,1.0208,55800
-121.47,38.54,47,2085,464,1346,402,1.2679,56700
-121.47,38.55,24,979,287,546,291,1.186,67000
-121.46,38.54,48,1001,205,605,175,1.8333,58200
-121.42,38.54,29,1407,265,556,235,3.0521,108000
-121.44,38.54,44,2570,509,1145,503,2.5694,92400
-121.42,38.54,18,2525,501,1726,468,2.398,87600
-121.41,38.53,35,2061,371,1110,342,3.1944,79000
-121.42,38.53,37,1958,367,1171,366,2.8298,71200
-121.43,38.53,36,1488,294,846,279,3.1208,82700
-121.43,38.53,36,2430,426,1199,437,3.1667,81900
-121.44,38.53,37,1951,432,1089,411,2.3272,80600
-121.41,38.52,25,3087,720,2529,708,1.8689,66800
-121.42,38.51,21,3249,666,2611,663,1.9423,87800
-121.43,38.52,43,2089,399,955,385,2.5898,72100
-121.43,38.52,30,3657,945,2925,899,1.3927,78300
-121.51,38.53,34,1613,265,631,266,4.25,191900
-121.5,38.52,37,2008,466,1261,427,2.2574,59100
-121.51,38.51,33,2918,439,1085,427,5.5208,171300
-121.51,38.51,31,1595,217,542,236,6.6112,251600
-121.51,38.52,30,3236,588,1167,569,4.0972,181400
-121.48,38.53,38,1451,315,786,340,2.3487,101600
-121.49,38.53,40,2966,536,1225,505,3.125,130600
-121.49,38.54,37,1655,393,841,355,1.6932,78400
-121.48,38.52,36,1824,357,906,356,2.9911,96400
-121.49,38.52,37,1902,413,955,384,3.1014,96800
-121.49,38.53,42,1468,281,571,271,3.3906,124200
-121.48,38.54,41,3364,685,1841,626,2.1975,73500
-121.5,38.5,29,2049,330,787,309,3.7414,98500
-121.49,38.51,30,3166,607,1857,579,3.1768,79500
-121.52,38.51,23,6876,1456,2942,1386,3.0963,156900
-121.51,38.49,21,4426,790,1856,761,4.1,158300
-121.51,38.5,25,4719,745,1857,739,5.0371,180200
-121.55,38.51,14,5490,851,2415,837,6.5253,216800
-121.53,38.5,17,3087,477,1365,495,6.4667,216800
-121.53,38.51,20,6132,1324,2595,1174,3.1607,178900
-121.52,38.5,19,4900,805,2519,855,4.8497,184400
-121.52,38.49,5,3344,800,1341,670,3.6196,152800
-121.48,38.52,34,2561,497,1583,530,3.1583,95800
-121.48,38.51,24,979,201,723,205,2.5926,72300
-121.49,38.49,26,1557,301,986,300,2.6613,77700
-121.5,38.49,29,3606,690,2317,696,2.7368,78200
-121.5,38.49,32,4013,725,2032,675,3.3689,83400
-121.48,38.49,26,3165,806,2447,752,1.5908,78600
-121.49,38.49,26,4629,832,2902,816,2.735,74600
-121.49,38.47,26,6121,1185,4224,1105,2.3496,68000
-121.47,38.48,24,2359,462,2048,476,3.2702,67300
-121.45,38.54,38,1865,384,1052,354,1.7891,60500
-121.46,38.54,39,1453,324,843,281,1.7692,63900
-121.46,38.54,36,1825,411,1226,391,1.5292,55700
-121.45,38.5,25,3033,665,1559,627,2.7101,99500
-121.47,38.51,52,20,4,74,9,3.625,80000
-121.47,38.52,42,2316,515,1597,522,1.8205,60400
-121.44,38.52,36,3446,950,2460,847,1.6521,69700
-121.45,38.51,29,4221,901,2294,850,2.2245,75900
-121.45,38.52,37,1705,325,827,326,2.6288,71200
-121.45,38.52,37,1477,321,888,312,2.5592,70300
-121.46,38.52,29,3873,797,2237,706,2.1736,72100
-121.46,38.52,34,1279,285,963,268,2.71,65600
-121.44,38.51,27,7212,1606,4828,1549,2.214,82400
-121.44,38.5,27,2527,439,1089,415,4.088,96800
-121.46,38.49,15,10211,1995,5656,1752,2.575,107900
-121.45,38.49,34,3573,662,1540,620,3.5323,109800
-121.43,38.48,12,4602,930,2299,860,3.0625,90500
-121.4,38.49,12,7290,1283,3960,1248,3.5968,106300
-121.38,38.49,11,8537,1643,4224,1648,2.9647,108900
-121.42,38.56,21,2066,748,2548,734,1.3571,55000
-121.39,38.56,19,8507,1470,3517,1453,4.3644,137400
-121.38,38.55,23,2790,430,1407,460,4.3288,133700
-121.38,38.55,26,1532,264,781,285,4.6944,130900
-121.39,38.55,25,2171,431,1053,422,3.5278,126200
-121.39,38.55,18,1734,467,783,447,1.9044,154300
-121.4,38.55,26,2697,398,1088,389,5,142500
-121.41,38.55,14,2534,705,1495,583,1.9167,156300
-121.4,38.55,19,2497,494,748,442,2.925,142400
-121.4,38.53,38,152,30,65,35,0.9274,67500
-121.48,38.59,43,987,240,1253,237,0.9204,82100
-121.39,38.57,33,2648,357,863,359,8.4016,338700
-121.41,38.57,16,4429,1124,1538,960,3.2443,190700
-121.42,38.6,35,1166,193,574,190,2.2452,102800
-121.43,38.61,33,2289,576,1100,503,2.1694,95700
-121.44,38.61,34,172,38,149,55,2.6442,55000
-121.41,38.61,36,3099,605,1322,623,3.4784,105500
-121.41,38.59,17,12355,3630,5692,3073,2.5245,99100
-121.39,38.6,22,5773,1320,2607,1250,2.5238,118800
-121.39,38.59,33,2091,468,1053,470,2.2264,108100
-121.39,38.59,34,1151,234,563,251,2.8,113600
-121.4,38.59,25,2228,534,1130,481,2.5363,124600
-121.38,38.59,36,2253,434,1018,426,3.2596,98700
-121.39,38.58,41,2577,365,913,339,6.3406,448300
-121.37,38.6,35,3137,544,1312,549,3.788,136800
-121.37,38.6,36,1119,144,414,150,5.8336,283300
-121.38,38.6,36,1249,159,362,143,6.8469,446400
-121.38,38.61,34,2888,496,1168,479,3.6053,148600
-121.37,38.58,37,2839,390,1006,400,7.3343,280400
-121.38,38.59,38,1839,287,685,276,4.5313,189400
-121.35,38.6,27,4314,611,1662,575,5.0997,170100
-121.36,38.6,36,1275,227,530,245,3.875,133600
-121.36,38.61,35,2355,365,993,354,5.0492,144100
-121.35,38.59,29,1285,193,460,206,5.3243,265700
-121.36,38.58,25,3196,406,978,419,8.4699,344000
-121.35,38.58,20,2992,378,1105,368,8.6572,320200
-121.34,38.58,18,1631,228,599,228,7.8031,267200
-121.36,38.64,24,6540,1008,2667,1031,5.5632,175200
-121.36,38.63,28,6119,985,2631,934,4.875,146400
-121.35,38.62,28,4175,796,2032,830,3.4299,164000
-121.37,38.64,36,322,48,133,59,4.6111,139300
-121.37,38.63,30,5996,1018,2532,1049,4.6127,151800
-121.37,38.62,27,1743,380,697,368,1.6678,166100
-121.38,38.62,34,2352,610,1127,592,2.2,116500
-121.38,38.62,41,774,144,356,150,3.5625,115300
-121.37,38.62,43,1077,199,447,182,3.0139,115600
-121.37,38.61,42,945,193,460,193,3.7569,127100
-121.38,38.61,27,2375,537,863,452,3.0086,126900
-121.39,38.63,34,1226,180,359,167,3.8068,150400
-121.39,38.61,35,2024,359,786,364,2.4632,156900
-121.39,38.62,45,2696,624,1059,582,1.8176,160900
-121.4,38.63,30,3626,834,1577,806,2.517,130400
-121.4,38.61,33,3512,825,1515,782,1.9908,118800
-121.41,38.62,21,3260,763,1735,736,2.5162,97500
-121.42,38.62,41,1087,272,462,219,2.0224,64900
-121.43,38.62,36,1765,438,1008,382,2.0639,73000
-121.44,38.61,41,1404,313,765,330,1.8792,63300
-121.41,38.64,41,1578,317,897,333,2.3214,66800
-121.43,38.65,18,909,198,661,176,3.1696,77400
-121.43,38.64,34,2010,411,1501,422,2.0417,65900
-121.44,38.64,25,1678,367,971,307,1.0398,62100
-121.44,38.63,38,1402,370,970,382,1.6343,71000
-121.44,38.62,37,1607,385,972,354,1.9107,64700
-121.44,38.62,37,3009,733,1513,588,1.4387,61000
-121.45,38.65,5,2680,502,1885,498,2.6369,110000
-121.45,38.63,28,1246,295,884,258,1.4397,51700
-121.45,38.62,38,2419,605,1696,503,1.4861,63100
-121.46,38.62,35,3326,696,2511,649,1.9871,60900
-121.44,38.61,33,1591,466,1000,418,1.0467,70100
-121.45,38.61,46,1758,511,1094,484,1.0685,70000
-121.45,38.61,34,438,116,263,100,0.9379,67500
-121.53,38.61,5,8149,1913,2933,1616,3.6788,178800
-121.49,38.63,6,12197,2617,5634,2329,3.7449,129300
-121.5,38.62,8,16679,3457,7919,3329,3.7188,134500
-121.5,38.61,5,1395,373,638,322,2.6745,225000
-121.5,38.63,6,693,143,276,151,3.1944,117000
-121.49,38.62,8,15309,2996,7463,2885,3.9143,129700
-121.49,38.61,6,4391,974,1982,914,3.4291,105300
-121.48,38.62,23,7709,1279,4147,1262,3.8272,96600
-121.48,38.61,18,1511,315,1062,304,2.3438,89400
-121.44,38.73,25,1287,224,727,236,4.7396,135500
-121.47,38.72,26,1708,299,911,290,4.0227,99800
-121.42,38.7,10,2562,460,1478,433,4.0625,96200
-121.45,38.7,24,2159,369,1141,355,3.9853,90400
-121.46,38.7,32,965,183,568,188,3.8611,93900
-121.43,38.69,28,927,165,542,148,2.5,96200
-121.44,38.68,19,2476,534,1355,463,2.0625,94400
-121.42,38.68,32,2118,345,1019,338,3.725,112200
-121.41,38.69,28,1601,308,848,305,3.6429,105200
-121.44,38.69,24,3124,556,1512,555,3.1942,94900
-121.45,38.69,32,2962,526,1542,521,2.2243,89200
-121.46,38.68,35,1299,254,705,245,2.8333,103000
-121.47,38.68,19,946,182,474,173,5.0155,97300
-121.46,38.69,11,3335,658,1963,622,3.3125,96800
-121.43,38.66,35,1814,367,1076,372,2.7179,81100
-121.4,38.66,50,880,150,1148,148,2.5062,112500
-121.38,38.68,35,1643,298,831,305,4.0673,84200
-121.37,38.69,35,1851,327,1007,286,3.2361,84000
-121.38,38.69,35,2943,554,1460,510,2.6713,84400
-121.37,38.69,35,1093,192,590,190,2.7009,80200
-121.37,38.68,29,3757,646,2022,611,3.5429,88200
-121.37,38.68,35,1620,276,939,277,2.5542,72900
-121.37,38.67,36,1786,338,974,319,2.555,72700
-121.38,38.67,38,1001,228,597,226,2.2788,73400
-121.39,38.67,35,562,174,240,106,0.9338,112500
-121.37,38.7,18,3938,649,1861,606,3.6484,95000
-121.38,38.7,25,3919,764,2203,783,2.2402,89500
-121.35,38.68,20,7085,1222,3455,1229,4.3118,120000
-121.38,38.71,7,4842,935,2857,907,3.9318,133000
-121.36,38.69,13,6850,1400,4251,1421,3.6989,93300
-121.36,38.67,5,5819,1507,3237,1356,2.2339,116600
-121.37,38.66,9,3184,779,1929,769,2.3844,86000
-121.36,38.66,22,2878,599,1362,541,2.7955,96500
-121.38,38.66,17,3778,939,2393,862,1.8972,100500
-121.38,38.65,34,825,173,355,130,3.1858,109500
-121.34,38.67,34,1503,264,731,285,4.0352,118500
-121.34,38.67,35,643,117,331,134,3.0417,120700
-121.35,38.66,24,3313,769,1631,681,2.5556,105700
-121.36,38.66,14,756,141,424,155,3.6953,116100
-121.35,38.65,20,2498,546,1185,506,3.2243,107900
-121.33,38.65,24,3533,741,1496,723,2.8106,183200
-121.33,38.64,27,2203,493,1158,492,2.4342,119500
-121.34,38.64,17,2761,501,1128,482,3.7562,139700
-121.33,38.63,23,1947,409,866,400,2.7181,156800
-121.33,38.61,21,2453,518,1326,505,2.7079,148000
-121.34,38.61,20,5801,1148,2586,1063,3.9063,162100
-121.33,38.6,25,4260,607,1635,640,6.2817,288200
-121.29,38.63,24,2868,527,1284,487,3.3182,213000
-121.3,38.63,31,1817,372,992,339,3.0972,150000
-121.32,38.63,20,7003,1409,3107,1315,3.0348,150500
-121.31,38.62,31,3114,430,1121,456,6.244,240000
-121.32,38.62,33,898,190,470,201,2.6897,148300
-121.3,38.64,20,5001,830,2330,830,4.0833,160000
-121.31,38.64,19,5407,838,1927,804,4.6302,195400
-121.32,38.66,26,1149,193,500,194,5.078,163400
-121.32,38.66,21,1276,208,501,205,3.95,143600
-121.31,38.65,21,2759,409,1053,374,5.5,165700
-121.3,38.65,26,3192,447,1132,418,4.5278,144300
-121.3,38.65,36,1665,293,846,306,3.5852,121600
-121.21,38.66,15,6940,1019,2829,990,5.4889,232300
-121.21,38.65,14,3443,510,1413,505,5.6529,196000
-121.24,38.64,13,4491,689,1657,667,5.259,249400
-121.23,38.66,19,3243,546,1334,515,4.8088,169500
-121.27,38.66,19,1891,266,678,255,6.1872,188700
-121.25,38.64,21,2764,363,902,360,5.6864,258700
-121.26,38.64,40,1098,175,415,160,4.8375,217400
-121.29,38.65,27,2744,464,1340,452,3.8816,147300
-121.28,38.71,8,4053,912,2033,897,2.8973,117100
-121.28,38.7,14,5827,1246,2578,1038,3.0212,112900
-121.33,38.68,13,5826,1411,2244,1219,1.9093,142900
-121.29,38.71,32,1875,361,1027,343,3.5769,103800
-121.31,38.72,11,2306,420,1308,418,3.9506,122200
-121.32,38.71,14,4594,774,2474,782,4.5245,127500
-121.31,38.71,18,3998,744,2071,660,4.3836,102000
-121.32,38.7,16,3592,642,1740,629,3.0703,126000
-121.33,38.66,17,2767,584,1275,568,2.5909,125400
-121.29,38.68,12,5098,1094,2029,1065,3.5444,132500
-121.3,38.69,13,2135,429,779,432,3.6995,134900
-121.31,38.68,16,5179,1271,2181,1151,2.1009,82500
-121.31,38.68,22,1194,207,545,223,3.8603,134300
-121.3,38.67,15,4018,850,2070,814,3.0733,119800
-121.3,38.68,19,2655,438,1253,454,5.2817,140600
-121.25,38.69,24,1014,185,606,194,4.1607,112800
-121.25,38.68,13,503,70,267,77,6.1943,276100
-121.26,38.67,18,1830,313,905,361,4.2273,141800
-121.26,38.66,8,1145,241,447,216,4.0781,124300
-121.27,38.67,15,2116,524,866,519,2.7388,111600
-121.28,38.68,16,3467,615,1478,601,3.75,147300
-121.28,38.67,23,1727,264,833,258,5.4797,160000
-121.28,38.67,29,1087,174,430,174,4.3625,158800
-121.29,38.68,20,1881,378,921,360,1.8589,144000
-121.29,38.67,20,1992,363,889,346,3.6516,130500
-121.25,38.71,14,3713,637,1845,635,4.3009,143400
-121.26,38.7,9,7812,1348,3275,1178,4.3826,146600
-121.17,38.69,5,7138,1227,2623,1139,5.6902,243200
-121.2,38.69,26,3077,607,1603,595,2.7174,137500
-121.23,38.71,18,4947,714,2227,675,4.8542,170500
-121.23,38.69,19,5268,849,2357,849,3.9226,148700
-121.23,38.67,27,5266,971,2432,948,3.8954,133000
-121.24,38.67,28,3558,589,1742,581,4.0182,131700
-121.2,38.68,9,2200,422,938,369,3.4896,143800
-121.21,38.67,11,5500,956,2827,946,4.1071,145800
-121.22,38.67,20,1412,226,700,227,4.05,130700
-121.21,38.67,19,2987,626,1610,605,3.0533,112100
-121.19,38.67,16,1754,284,773,277,4.817,147000
-121.2,38.67,26,1546,287,773,299,2.9803,115400
-121.2,38.67,10,3875,668,1632,593,4.6902,171000
-121.19,38.66,26,1937,286,769,274,6.1185,179200
-121.2,38.66,17,1605,217,732,241,5.47,204800
-121.17,38.68,37,1252,267,686,256,3,121900
-121.16,38.67,21,6198,1223,2827,1179,3.7796,159000
-121.15,38.68,6,9798,1551,4583,1494,5.0159,189600
-121.16,38.68,21,3517,667,1687,655,3.1161,131600
-121.06,38.51,6,6873,959,2354,931,6.8869,263100
-121.13,38.47,16,2574,441,1041,428,3.6645,203400
-121.24,38.63,4,11021,1565,3857,1494,7.2582,273200
-121.22,38.58,25,394,94,155,83,2.233,55000
-121.28,38.55,35,7088,1279,4885,1272,2.6981,112500
-121.29,38.61,17,13553,2474,6544,2359,3.9727,132700
-121.3,38.61,25,2707,464,1423,490,4.3235,116900
-121.27,38.62,13,2321,539,1066,497,2.7652,95600
-121.29,38.61,26,1814,299,963,317,4.4519,110500
-121.28,38.6,25,1122,198,564,213,3.1654,111600
-121.28,38.6,17,1671,378,848,351,3.1194,112500
-121.32,38.57,15,3369,499,1733,470,5.31,127500
-121.32,38.57,25,692,146,504,167,3.6897,101100
-121.32,38.56,18,1169,186,614,192,4.5766,108700
-121.32,38.54,13,4715,1090,2420,1059,2.9693,104400
-121.31,38.58,10,2421,580,962,497,2.5035,112500
-121.31,38.57,9,2748,521,1663,565,3.5192,113300
-121.28,38.59,3,4188,1136,2081,995,3.0481,92500
-121.29,38.59,19,2460,470,1346,480,3.6563,95600
-121.34,38.56,12,2975,628,1440,593,2.9896,118600
-121.35,38.54,12,16239,3358,8656,3234,3.5691,116300
-121.37,38.57,16,3895,896,1762,855,2.6635,135800
-121.36,38.57,26,1793,244,653,235,5.6485,129500
-121.34,38.58,17,1605,258,748,262,5.0917,134100
-121.35,38.55,18,4481,780,2211,775,3.9934,123300
-121.37,38.55,21,2713,432,1287,440,4.5815,125500
-121.37,38.56,27,1827,509,852,450,2.0901,52500
-121.38,38.47,4,14418,2282,6578,2140,4.5604,145900
-121.39,38.43,3,2696,384,990,316,5.4445,237600
-121.34,38.44,14,3205,465,1439,456,5.7452,240900
-121.37,38.41,14,3727,685,1741,646,3.5625,125700
-121.37,38.42,18,2643,502,1755,541,3.3281,91200
-121.38,38.41,7,6091,921,2916,886,4.7557,150400
-121.38,38.41,10,3425,629,1538,587,4.45,138700
-121.36,38.39,10,5121,763,2568,758,5.2447,148100
-121.22,38.4,14,2655,441,1277,422,4.6989,213800
-121.29,38.36,17,2193,386,1148,372,4.5272,191700
-121.1,38.33,14,1357,247,695,224,4.1974,157800
-121.2,38.28,20,1732,307,999,305,3.9808,160200
-121.26,38.27,20,1314,229,712,219,4.4125,144600
-121.35,38.28,17,2756,557,1986,530,3.2234,82000
-121.31,38.28,16,1708,391,687,378,1.9485,155400
-121.3,38.26,19,1403,276,901,290,3.215,104600
-121.31,38.26,22,1768,396,1005,420,1.8846,88300
-121.32,38.26,4,6125,1063,3077,953,4.1179,134600
-121.3,38.25,27,2475,548,1703,517,2.5727,86100
-121.48,38.46,8,10505,1777,6002,1694,4.0516,121200
-121.43,38.46,18,1378,235,818,262,4.0625,100300
-121.44,38.46,10,4446,897,2499,884,3.5461,103600
-121.44,38.43,3,39320,6210,16305,5358,4.9516,153700
-121.54,38.29,47,1396,254,630,218,2.8616,92500
-121.57,38.19,36,1395,264,700,244,2.4353,162500
-121.7,38.1,19,4896,1083,2150,905,3.3398,89700
-121.29,36.9,17,3610,593,1734,559,5.8324,374200
-121.53,36.85,23,3359,725,1862,651,2.6719,193600
-121.51,36.86,36,1019,168,602,169,2.625,210000
-121.6,36.88,21,3416,624,1862,595,4.7813,241500
-121.45,36.86,11,1613,335,1617,342,3.1375,146200
-121.41,36.85,11,1708,394,1474,372,2.8839,145900
-121.4,36.85,50,2666,613,1768,555,2.6598,157300
-121.4,36.84,52,1860,400,1215,367,2.9554,136500
-121.4,36.84,40,2352,536,1430,535,3.0912,155300
-121.41,36.84,23,1771,356,1105,338,3.7049,192200
-121.4,36.86,36,1256,270,910,255,1.9405,145400
-121.38,36.85,13,4115,782,2903,747,3.7316,192400
-121.37,36.84,11,1996,382,1023,358,3.5714,243000
-121.38,36.84,17,2625,512,1487,481,3.6354,221200
-121.37,36.83,14,3658,612,1951,600,4.76,216000
-121.44,36.84,7,1644,338,1143,331,4.005,180400
-121.42,36.85,7,1626,325,677,304,2.3125,170800
-121.36,36.81,7,4609,741,1660,720,5.0871,290500
-117.75,34.01,4,22128,3522,10450,3258,6.1287,289600
-117.76,33.98,3,9662,1385,2497,856,6.7172,292400
-117.74,33.97,4,9755,1748,4662,1583,5.6501,254900
-117.72,33.97,16,13290,2062,6931,2023,5.228,187800
-117.71,33.97,10,10856,2278,6474,2199,3.851,137200
-117.75,33.95,13,984,127,364,119,7.5839,426900
-117.76,33.94,40,1092,213,457,190,5.1165,184200
-117.7,34.09,25,1719,331,1098,324,3.625,121800
-117.71,34.08,29,1276,283,1216,316,2.5972,134300
-117.71,34.07,31,1840,380,1187,357,3.8875,129200
-117.69,34.07,35,3222,559,1970,550,3.7083,131000
-117.69,34.07,34,4055,739,2470,753,3.8586,136000
-117.69,34.08,14,4136,886,2026,788,3.2344,128200
-117.71,34.07,24,1948,362,1286,364,3.6,139300
-117.69,34.06,29,873,226,649,198,2.7986,114400
-117.68,34.05,25,1859,463,1070,374,2.5395,187500
-117.69,34.05,10,1875,366,1055,363,4.3264,128900
-117.69,34.04,5,4459,896,2028,881,4.0096,182600
-117.71,34.04,20,1950,310,1054,312,4.625,222100
-117.71,34.04,17,4098,733,1859,713,2.9811,231800
-117.72,34.03,17,2902,476,1652,479,5.6029,161800
-117.72,34.02,17,1781,262,860,256,6.5958,236800
-117.72,34,15,4363,690,2410,666,5.4824,179700
-117.68,34,5,3761,580,2335,648,5.7338,225400
-117.69,34.03,20,6374,1412,3690,1350,3.4184,162500
-117.68,34.15,24,1033,189,486,204,4.1719,213500
-117.64,34.15,16,2896,404,1165,379,6.4559,392900
-117.68,34.15,4,4082,578,1996,580,6.7813,286300
-117.66,34.15,20,2524,311,965,285,8.0103,395500
-117.66,34.13,17,3229,405,1289,407,6.3842,307100
-117.67,34.12,15,3162,495,1145,473,5.3525,191700
-117.65,34.14,9,3877,490,1815,490,8.4839,406700
-117.64,34.12,18,3605,534,1682,480,5.8407,202900
-117.65,34.11,29,2927,634,1710,623,3.6219,176600
-117.68,34.12,16,2181,321,1133,350,5.7214,259400
-117.66,34.11,19,3445,661,1635,580,5.0681,230500
-117.65,34.12,27,2298,340,1071,369,6.5587,239000
-117.65,34.11,28,2788,370,1140,385,5.3368,233500
-117.69,34.1,17,3759,1035,1722,847,2.6074,137500
-117.68,34.1,11,7392,1796,3841,1621,2.8326,163000
-117.67,34.1,28,1263,248,601,219,3.875,174000
-117.67,34.1,19,2969,605,1326,573,4.3438,155700
-117.66,34.1,37,1971,345,939,358,3.4634,145300
-117.66,34.1,26,1855,553,1109,536,2.2429,150000
-117.66,34.09,26,1151,200,593,188,3.6667,166300
-117.65,34.09,33,2446,396,1209,412,4.3958,145600
-117.63,34.09,8,3557,890,2251,765,2.6818,114100
-117.64,34.09,34,2839,659,1822,631,3.05,121300
-117.65,34.1,44,1526,337,831,326,3.0284,115800
-117.68,34.08,21,5662,1185,3067,1055,3.3482,137300
-117.65,34.08,35,2621,391,1074,391,4.7176,166400
-117.66,34.06,24,4043,952,2174,859,2.2244,114900
-117.66,34.07,36,2072,408,964,395,2.8702,137000
-117.66,34.07,33,2081,409,1008,375,2.587,138100
-117.64,34.08,37,2576,468,1284,428,3.3958,130400
-117.64,34.07,43,1970,379,1036,391,3.2083,122800
-117.65,34.08,40,1609,258,624,242,5.4689,158200
-117.64,34.08,33,1987,455,1369,475,2.4464,122600
-117.63,34.07,39,2650,511,1537,495,3.4432,106700
-117.62,34.09,26,3271,595,2259,566,4.0139,132000
-117.62,34.08,22,2626,631,1678,557,3.125,111800
-117.62,34.08,24,2801,554,2064,529,4.4946,136000
-117.61,34.09,23,1945,362,1483,383,4.4205,135500
-117.61,34.09,11,2000,391,1503,426,4.6167,144000
-117.6,34.08,15,2700,460,1432,449,4.9063,159800
-117.65,34.07,35,2501,651,1182,591,1.4464,113200
-117.62,34.07,16,6009,1599,5110,1389,2.5677,128900
-117.66,34.06,39,1405,339,1489,336,1.608,91800
-117.65,34.06,41,1171,334,1479,334,2.25,90500
-117.64,34.06,43,763,219,851,198,1.7292,79200
-117.64,34.06,50,637,143,590,147,1.9659,85700
-117.66,34.05,33,960,216,831,222,2.5391,108600
-117.66,34.05,6,5129,1119,2533,949,3.625,113600
-117.67,34.04,16,3260,501,1973,535,4.6563,162000
-117.66,34.04,16,2081,348,1332,356,4.7872,147600
-117.66,34.04,10,3657,695,2079,663,4.2054,159900
-117.65,34.02,9,2107,411,1138,389,4.4042,159100
-117.67,34.02,16,3042,524,1516,475,4.8906,178500
-117.66,34.02,11,3358,504,1690,482,6.7544,207900
-117.65,34.04,28,2360,607,2623,592,2.5048,1e+05
-117.64,34.05,27,1407,362,1684,350,2.1944,95700
-117.64,34.04,21,1801,507,2556,484,2.4716,102500
-117.63,34.02,13,4864,729,2780,723,5.6168,175400
-117.62,34.02,9,4265,587,2280,589,5.5632,195100
-117.62,34.03,15,3942,661,2240,621,4.8311,176000
-117.62,34.02,16,2040,325,1207,324,5.0431,164100
-117.61,34.02,15,1791,346,1219,328,3.8125,170300
-117.6,34.02,16,2103,348,1305,356,5.2849,160400
-117.6,34.03,16,1499,232,918,239,5.5677,175400
-117.64,34.02,6,248,47,119,42,2.125,416700
-117.61,34.01,25,352,41,99,34,3.9696,5e+05
-117.64,33.99,29,1005,152,513,149,2.4375,181300
-117.6,33.98,26,1225,199,717,204,2.7284,225000
-117.58,34,2,7544,1516,2801,1001,4.0037,245200
-117.57,34.13,5,6135,879,2795,781,5.9369,225200
-117.54,34.12,4,17577,2819,7766,2473,5.1333,181800
-117.54,34.11,16,2114,374,1463,399,3.9241,131500
-117.51,34.16,2,718,98,119,50,4.1,315000
-117.55,34.14,3,5710,919,2874,886,5.3638,206300
-117.58,34.14,7,11818,1745,5499,1600,5.3678,231700
-117.62,34.15,16,13556,1704,5669,1668,6.5138,311500
-117.61,34.12,17,6709,1198,3954,1161,4.6997,156900
-117.58,34.11,14,11635,2055,6443,2009,4.7547,157600
-117.6,34.11,18,6025,1062,3360,1028,4.8889,155700
-117.56,34.12,4,5351,1210,2988,1101,3.7973,181300
-117.58,34.1,4,6360,1584,3359,1396,3.5186,127800
-117.58,34.09,27,754,200,746,185,1.9531,100800
-117.57,34.07,4,2152,580,1083,441,3.1458,118800
-117.58,34.02,4,5998,1092,3182,1042,5.2692,174800
-117.57,34.02,5,6933,1311,3845,1285,4.6727,158900
-117.53,34.06,18,5605,1303,4028,1145,2.9386,116400
-117.53,34.1,5,2185,488,1379,458,3.7917,103000
-117.42,34.13,4,11587,1796,5804,1705,4.8283,141900
-117.45,34.13,16,5058,965,3388,878,3.6417,119000
-117.46,34.1,35,908,226,667,203,2.5833,93500
-117.46,34.1,7,1759,473,1064,328,1.9583,108800
-117.48,34.09,32,3170,630,2612,580,3.6394,99200
-117.48,34.09,32,1650,328,1124,290,3.1838,98600
-117.46,34.07,19,3155,572,2482,642,2.9973,113400
-117.48,34.08,28,1922,382,1565,340,3.915,117400
-117.42,34.06,27,2532,495,1305,436,2.9107,143100
-117.46,34.06,24,2831,478,1582,435,4.3397,195600
-117.47,34.06,33,1379,273,884,229,2.7574,125000
-117.5,34.04,5,3958,665,2456,666,5.1647,154700
-117.5,34.04,4,3428,649,2158,632,5.0175,143400
-117.46,34.04,3,12870,2315,5820,1759,4.2429,147300
-117.38,34.14,11,10804,1493,5221,1482,5.246,161400
-117.38,34.2,16,193,45,312,76,3.7578,137500
-117.45,34.11,7,6356,1244,4052,1164,2.9112,121700
-117.45,34.1,6,5571,1316,4048,1154,2.0308,91100
-117.43,34.1,34,1345,265,834,290,3.7011,99500
-117.44,34.08,15,5024,992,3208,981,3.6025,116400
-117.42,34.08,28,2300,419,1312,444,3.4844,127700
-117.43,34.07,18,2453,537,1503,500,2.3768,95300
-117.41,34.09,21,3300,587,1896,572,3.6466,130600
-117.41,34.1,29,1362,251,776,253,3.1287,102000
-117.41,34.11,29,3999,772,2602,760,3.5481,105500
-117.39,34.11,5,2987,457,1821,485,4.8889,138900
-117.39,34.11,16,1140,181,627,206,4.9444,132700
-117.39,34.13,9,2228,398,1316,370,4.1632,119800
-117.38,34.13,13,2903,510,1844,510,3.7198,112900
-117.37,34.13,17,2681,470,1621,459,3.875,118500
-117.38,34.12,17,5959,1208,4115,1088,2.4053,105200
-117.36,34.09,32,3616,631,2131,593,3.2879,95500
-117.37,34.08,17,2029,404,1190,437,2.9554,115000
-117.38,34.08,11,5684,1139,3095,1036,3.6875,112600
-117.38,34.07,6,1156,191,910,234,4.9091,122400
-117.39,34.09,10,5736,945,3528,932,4.3958,130700
-117.39,34.07,26,1387,277,664,239,3.0278,96800
-117.37,34.1,44,2087,447,1270,423,2.3889,86100
-117.35,34.12,22,5640,889,3157,887,4.1581,126500
-117.37,34.13,18,5877,1043,3114,1002,4.0294,133200
-117.35,34.13,26,3920,570,1862,552,3.7286,132000
-117.36,34.1,29,2819,637,1683,608,2.3205,87600
-117.36,34.1,31,2587,531,1227,489,2.3578,88600
-117.4,34.06,17,5451,1008,3533,940,3.9191,101600
-117.4,34.04,17,1906,334,1550,338,3.025,81800
-117.39,34.04,27,2919,549,1841,564,2.8682,96400
-117.34,34.16,31,1606,354,1049,335,2.1935,72700
-117.32,34.13,41,1837,409,1430,344,2.4524,70400
-117.32,34.12,37,2868,574,2055,563,2.3508,70500
-117.32,34.12,39,2210,498,1752,477,1.4066,66400
-117.33,34.12,33,933,219,838,211,1.3417,69000
-117.34,34.13,29,331,85,341,107,0.7069,70300
-117.32,34.11,38,1462,337,1208,324,2.2604,68100
-117.32,34.11,41,1229,302,994,270,1.4891,67300
-117.34,34.11,29,2912,566,2188,518,3.2656,90600
-117.35,34.11,34,2104,388,1578,365,3.0833,88400
-117.35,34.2,5,9269,1605,4916,1519,4.4367,133200
-117.41,34.23,17,889,131,439,141,6.1426,155000
-117.28,34.17,26,3106,603,1396,576,3.1736,122200
-117.28,34.17,26,3728,888,1765,727,1.7456,86800
-117.29,34.17,35,4174,847,2127,778,3.2232,88300
-117.32,34.17,6,5661,1287,2943,1162,3.6362,106500
-117.3,34.18,19,2526,381,1176,381,5.5136,137100
-117.34,34.18,7,2914,481,1584,499,4.6312,124900
-117.33,34.17,5,4718,1140,2564,1056,2.9877,119900
-117.32,34.16,9,711,139,316,152,4.0156,131000
-117.31,34.15,7,5747,1307,2578,1147,3.3281,122200
-117.3,34.15,40,961,199,509,182,2.06,85500
-117.31,34.15,34,2037,385,1195,391,3.9231,96000
-117.3,34.15,45,942,166,401,174,3.8594,90800
-117.31,34.13,38,1287,284,1047,269,2.2865,65500
-117.3,34.12,34,1127,275,971,249,2.0583,64800
-117.31,34.13,36,1076,283,773,224,2.6307,66400
-117.3,34.11,42,525,111,444,120,2.6771,67000
-117.3,34.1,44,589,130,504,137,1.775,63400
-117.31,34.1,28,2899,755,2406,655,1.5208,69500
-117.3,34.09,40,1051,244,745,243,2.1842,75200
-117.28,34.15,38,1981,343,796,344,3.8125,97400
-117.29,34.16,38,2458,488,1135,453,2.875,99100
-117.28,34.16,26,2469,532,1068,501,1.9832,122100
-117.28,34.15,32,2170,430,815,401,3.1765,135000
-117.29,34.15,49,1820,321,757,324,3.2976,102600
-117.29,34.14,45,1598,314,771,319,2.5417,82900
-117.29,34.14,48,1717,307,610,267,3.125,97600
-117.29,34.14,39,1989,401,805,341,2.425,90000
-117.3,34.13,52,1859,395,968,333,1.2034,79500
-117.3,34.13,42,2115,557,1532,494,1.4531,71500
-117.29,34.12,45,1369,351,1046,274,1.8438,72100
-117.3,34.12,50,1629,437,1581,394,2.2019,63500
-117.29,34.11,48,1498,448,1586,455,1.1687,70800
-117.28,34.11,39,1573,418,1258,359,1.4896,69500
-117.3,34.1,49,60,11,76,13,2.5625,75000
-117.3,34.07,34,567,143,387,138,1.7981,73300
-117.25,34.16,31,1516,238,596,255,4.3362,159400
-117.26,34.15,33,2271,389,1100,380,3.5978,88300
-117.26,34.16,31,3538,658,1715,663,3.7125,98000
-117.26,34.17,30,1937,351,945,344,3.8906,123700
-117.27,34.17,16,30,3,49,8,4.625,250000
-117.25,34.15,22,7935,1976,4523,1791,2.1465,88800
-117.25,34.14,19,5163,1229,2680,1141,2.2482,114500
-117.27,34.14,35,1517,257,658,245,4.4435,97600
-117.27,34.15,35,1490,253,705,253,3.3616,95300
-117.25,34.13,33,2898,503,1374,487,3.6856,90000
-117.26,34.13,39,3521,747,2256,721,2.1375,87500
-117.27,34.12,31,2209,636,1314,562,1.7235,78800
-117.27,34.13,40,1298,254,793,268,3.0721,83800
-117.27,34.13,36,3337,687,2388,589,2.9628,87800
-117.25,34.13,35,861,148,381,138,2.5234,88200
-117.25,34.11,32,2910,641,2011,614,2.7473,70800
-117.27,34.12,27,2896,684,1514,668,1.462,70200
-117.25,34.11,30,2173,560,1509,486,1.4079,67700
-117.33,34.09,29,1960,415,1681,435,2.9292,84500
-117.34,34.08,35,1380,248,730,264,3.2305,93700
-117.34,34.08,33,4924,1007,3502,953,3.233,99400
-117.32,34.09,30,1129,251,1034,237,2.3917,78600
-117.32,34.08,41,1359,264,786,244,2.5208,85500
-117.32,34.06,52,802,160,564,131,2.1591,63500
-117.33,34.06,42,530,123,390,124,1.0469,67000
-117.31,34.05,6,7423,2111,4092,1789,2.7002,88300
-117.33,34.03,14,1582,347,825,259,2.8281,106300
-117.31,34.04,29,2481,383,1188,385,4.7344,134600
-117.31,34.04,5,2785,577,1310,536,3.39,149500
-117.3,34.05,6,2155,544,1039,391,1.6675,95800
-117.29,34.06,7,1971,403,1336,423,4.5066,111500
-117.28,34.06,2,1658,290,868,304,5.1365,136700
-117.33,34.03,18,2342,402,1264,382,4.7986,123700
-117.32,34.03,13,3853,761,1685,669,3.9024,122400
-117.31,34.03,9,1199,187,629,207,5.7393,151600
-117.31,34.02,18,1634,274,899,285,5.2139,129300
-117.27,34.08,38,1093,256,856,212,1.4279,73000
-117.25,34.07,21,3067,706,2140,687,2.4432,78800
-117.27,34.07,21,418,132,401,120,1.7206,82100
-117.24,34.04,17,3362,507,1520,496,6.1986,214500
-117.27,34.05,34,1703,395,849,359,3.1607,138200
-117.27,34.06,20,5258,1514,3780,1404,2.025,85700
-117.25,34.06,18,5009,1108,2948,963,3.0042,106500
-117.24,34.06,9,3603,786,1782,718,3.2604,93300
-117.23,34.14,16,2577,521,956,472,2.5625,129400
-117.24,34.14,6,2383,606,1301,488,3.016,107500
-117.24,34.15,23,3847,608,1621,630,4.6111,128400
-117.24,34.15,26,2041,293,936,375,6,140200
-117.21,34.14,16,1613,245,811,267,5.2591,140700
-117.2,34.14,18,1920,333,890,323,5.159,144800
-117.24,34.13,24,1203,310,594,187,1.1522,87500
-117.24,34.13,26,3774,716,1913,620,3.3534,98900
-117.23,34.12,6,4464,1093,2364,952,2.3848,81600
-117.23,34.13,10,1145,293,726,251,1.645,68700
-117.22,34.13,10,5951,1330,3204,1159,2.7011,110200
-117.2,34.13,14,3998,711,1509,665,3.4138,126700
-117.22,34.12,34,2457,499,1538,507,2.809,82500
-117.2,34.12,24,3532,618,1681,590,3.5,113900
-117.24,34.12,29,2654,667,1822,593,2.1563,72300
-117.24,34.11,23,1920,454,1161,358,2.2109,73200
-117.23,34.11,22,1162,221,995,244,2.5875,81300
-117.23,34.12,18,1439,319,699,310,2.1071,73500
-117.23,34.11,33,2170,500,1425,472,2.0133,78300
-117.22,34.11,26,2972,603,1972,532,2.0388,80400
-117.21,34.12,32,1677,354,1021,339,3.6853,90900
-117.21,34.11,27,1245,229,692,234,3.2176,89400
-117.19,34.1,5,2167,384,1174,358,4.0114,97700
-117.17,34.12,3,15695,2248,6080,1920,6.2178,173900
-117.18,34.08,28,2243,399,1464,379,3.2105,90300
-117.19,34.08,22,2467,555,1567,494,2.6536,84700
-117.18,34.07,14,1258,245,752,264,3.3924,97400
-117.19,34.07,40,2374,500,1772,455,2.189,72500
-117.18,34.06,52,954,233,533,239,1.3021,1e+05
-117.19,34.06,21,6107,1559,2805,1444,2.5643,102700
-117.18,34.04,41,1766,288,753,278,4.9125,140700
-117.18,34.05,52,1820,342,601,315,2.6129,137000
-117.19,34.05,33,1688,313,808,298,3.2188,117800
-117.2,34.04,24,1587,222,676,234,6.0715,173400
-117.18,34.04,38,2492,381,1003,369,3.6875,152800
-117.19,34.03,25,2513,340,900,320,6.4962,182400
-117.16,34.08,9,5306,993,2630,925,4.51,135800
-117.15,34.06,25,3670,644,1815,634,4.0658,127400
-117.15,34.05,9,1442,219,633,230,5.0227,162300
-117.15,34.04,14,2845,420,1172,377,7.5822,283100
-117.16,34.06,17,2285,554,1412,541,1.8152,94300
-117.15,34.03,32,2832,393,1033,385,6.5648,237200
-117.15,34.03,26,5305,701,1818,676,6.1461,217100
-117.09,34.07,24,6260,1271,3132,1189,2.5156,103000
-117.12,34.06,38,281,55,151,52,1.3906,120800
-117.03,34.07,16,3784,577,1615,525,4.2333,220300
-117.02,34.03,19,4415,648,1627,619,4.2361,191600
-116.98,34.05,6,2290,312,957,274,7.2708,316700
-117.1,34.03,24,4144,826,2127,772,2.5172,96000
-117.08,34.03,23,3862,699,2082,652,3.154,115700
-117.04,34.02,24,4663,1213,1851,1116,1.4418,103500
-117.03,34.03,26,3501,664,1860,681,3.0403,113500
-117.04,34.04,30,3474,735,1674,691,2.5863,98300
-117.37,34.59,39,8193,1747,6852,1597,2.3832,35000
-117.44,34.45,6,6068,1137,3094,947,3.5167,130900
-117.42,34.59,8,5445,1360,3220,1214,1.7567,69500
-117.4,34.58,18,755,169,483,165,1.4196,64700
-117.41,34.58,10,2964,668,1853,609,1.6047,73400
-117.54,34.55,5,2949,671,1620,530,2.9479,83300
-117.63,34.37,20,7052,1306,2197,810,3.7252,167100
-117.53,34.28,35,1529,338,688,256,4.1083,108000
-117.03,34.91,27,2718,583,1472,509,2.825,76600
-117.06,34.9,36,2828,916,1762,736,1.4318,59600
-117.01,34.9,34,2194,519,1326,515,2.1056,72000
-117.01,34.89,26,2599,498,1332,443,2.7198,70400
-117.02,34.89,29,3111,661,1530,608,2.8281,69300
-117.04,34.89,37,1884,366,1052,353,3.175,66800
-117.12,34.46,17,1613,326,765,300,2.6827,110400
-117.11,34.43,14,3026,556,1349,485,2.8021,111200
-117.13,34.39,29,2251,464,855,315,3.4183,104100
-117.25,34.49,4,2372,361,1017,322,5.1112,170900
-117.21,34.49,14,2125,348,1067,360,3.6333,116200
-117.17,34.49,13,4460,925,2225,840,2.0136,94100
-117.15,34.48,31,265,55,186,55,2.125,64800
-117.26,34.53,10,3103,520,1283,464,3.071,151600
-117.25,34.51,7,3200,477,1522,470,4.6914,142200
-117.23,34.51,9,5756,807,2158,758,5.5875,167800
-117.25,34.53,13,5841,955,2455,915,4.1333,158200
-117.2,34.52,12,4476,761,2255,735,3.925,118500
-117.3,34.54,25,2546,488,1338,487,3.2596,85400
-117.31,34.53,26,2299,496,1259,441,2.6125,79900
-117.32,34.55,18,279,59,188,60,0.8246,91700
-117.32,34.54,9,5904,1165,3489,1063,3.125,92800
-117.33,34.53,10,3781,712,2044,685,3.0943,97100
-117.34,34.51,6,5667,1385,2447,1199,2.3617,103100
-117.35,34.5,10,2163,392,1174,362,3.375,98000
-117.34,34.49,9,3293,585,1678,530,3.2941,98300
-117.36,34.48,3,16533,2549,7588,2285,3.9792,122100
-117.32,34.51,16,3072,612,1283,604,2.8929,115600
-117.31,34.51,18,2704,698,1611,597,2.0243,82300
-117.32,34.48,8,4627,887,2739,846,3.0204,93100
-117.27,34.5,7,2045,342,878,292,6.0296,194100
-117.27,34.48,8,1794,276,690,271,3.662,165300
-117.27,34.5,8,3567,543,1133,419,5.3733,302600
-117.28,34.41,14,2105,396,960,396,2.9934,118200
-117.29,34.41,11,5934,1380,2756,1239,1.5758,108300
-117.27,34.4,8,6042,979,3031,991,3.3438,124400
-117.31,34.41,14,3019,643,1639,582,1.5288,103400
-117.32,34.41,13,2032,348,1038,344,4.2891,120100
-117.34,34.39,8,3579,672,2216,630,3.4038,100500
-117.31,34.43,16,5130,1172,3126,1046,1.6784,71900
-117.35,34.44,9,11810,2181,6716,2081,3.1821,95600
-117.27,34.45,8,6463,1095,3213,1031,3.2215,108800
-116.72,34.89,14,4527,875,1640,590,2.8594,81700
-115.75,35.23,5,208,78,132,56,2.5333,75000
-116.51,34.85,15,3149,713,1281,486,2,64700
-116.57,35.43,8,9975,1743,6835,1439,2.7138,22500
-116.32,34.1,10,4256,861,1403,686,2.6618,81000
-116.31,34.13,20,2352,556,1217,481,1.6063,55400
-116.32,34.14,18,1880,487,994,425,1.69,54200
-116.33,34.15,13,1808,411,735,320,1.5489,57400
-116.29,34.18,15,4203,966,1756,695,2.182,60800
-116.44,34.16,19,1867,361,758,321,2.8929,98100
-116.38,34.2,14,4985,1238,2517,954,2.0674,65000
-116.47,34.07,22,5473,1234,2581,1098,1.9375,65300
-116.4,34.12,16,5648,1089,2524,1008,2.6739,78000
-116.09,34.15,13,9444,1997,4166,1482,2.6111,65600
-116.02,34.18,8,569,97,312,96,4.3021,94500
-115.85,34.2,34,3868,1257,890,423,1.3571,41000
-114.31,34.19,15,5612,1283,1015,472,1.4936,66900
-114.65,34.89,17,2556,587,1005,401,1.6991,69100
-114.61,34.83,31,2478,464,1346,479,3.212,70400
-117.36,34.28,18,3903,715,1388,428,4.2386,157200
-117.28,34.26,18,3895,689,1086,375,3.3672,133600
-117.32,34.24,29,1290,263,323,113,1.9265,103300
-117.27,34.23,26,6339,1244,1177,466,3.7708,110400
-117.16,34.26,27,9285,1621,1135,410,2.5446,135200
-117.18,34.3,33,399,87,71,27,1.875,71300
-117.17,34.28,13,4867,718,780,250,7.1997,253800
-117.21,34.28,16,3326,569,527,192,5.7421,167600
-117.2,34.26,17,9419,1455,1382,459,6.2233,230900
-117.22,34.26,16,8020,1432,1749,540,4.9716,162500
-117.2,34.24,22,8106,1665,1062,423,3.0434,137200
-117.17,34.25,15,4236,753,703,255,3.5625,165500
-117.07,34.24,21,4773,1047,337,130,3.9375,115000
-117.13,34.24,17,2828,506,673,274,5.2563,144100
-117.12,34.21,19,4641,994,1334,474,4.5972,123900
-116.87,34.24,15,4419,822,622,267,3.9688,182800
-116.86,34.31,19,1649,328,382,151,4.0556,133000
-116.85,34.26,19,5395,1220,981,366,2.6094,92400
-116.83,34.25,15,8948,1985,1316,514,2.7375,90800
-116.82,34.24,11,5799,1527,713,262,2.5147,84700
-116.76,34.29,14,3959,849,1064,376,2.8214,111400
-116.76,34.23,10,4374,989,1020,376,2.6071,89000
-116.98,34.07,21,739,125,199,82,4.8958,117500
-116.76,34.14,4,42,10,9,3,0.536,42500
-117.46,34.85,7,9759,1816,2933,1168,3.4912,157700
-117.28,35.13,32,671,166,856,114,2.6477,53300
-116.85,34.98,26,3606,792,1683,608,2.6587,57400
-117.14,34.75,33,552,120,347,97,1.8158,1e+05
-117.06,34.87,14,3348,619,1756,557,3.5987,91400
-117.13,34.88,21,3254,669,1548,545,2.3373,57100
-117.15,34.83,30,5370,1062,2778,944,3.099,66800
-117.16,34.9,16,1579,327,934,298,2.7305,73800
-117.08,34.96,28,1777,307,721,259,3.6343,79800
-116.96,34.94,20,2355,467,1198,428,3.9934,88500
-116.99,34.89,24,2741,577,1551,522,3.474,70500
-117,34.87,16,6862,1292,3562,1126,3.6091,87200
-117.24,34.59,4,5027,797,1869,686,3.5507,186100
-116.9,34.52,20,3481,840,1694,587,1.4,77700
-116.94,34.4,20,6541,1401,2631,980,2.1339,78500
-117.18,32.75,52,1539,212,535,224,5.392,408500
-117.18,32.75,52,1504,208,518,196,8.603,459600
-117.17,32.76,45,3149,639,1160,661,2.7266,354200
-117.18,32.75,36,2282,534,918,531,2.7222,284700
-117.17,32.75,52,1052,239,381,201,3.0726,289600
-117.16,32.75,49,1566,494,643,419,1.9637,137500
-117.16,32.74,52,852,262,389,249,2.6042,225000
-117.16,32.74,21,1882,486,903,482,3.06,243800
-117.17,32.75,28,1514,384,540,352,2.1532,240000
-117.16,32.75,34,1785,558,804,490,2.2687,2e+05
-117.15,32.76,43,2361,489,824,470,3.4196,302200
-117.15,32.76,40,1809,474,826,456,2.6518,179800
-117.15,32.76,37,1921,502,811,472,2.75,175000
-117.15,32.75,40,2261,579,903,525,2.465,198700
-117.14,32.75,35,1391,329,726,317,2.6818,159400
-117.14,32.74,47,1494,327,689,304,3.125,172700
-117.14,32.75,25,1908,513,956,467,2.4828,133300
-117.14,32.75,19,1358,613,766,630,1.0353,150000
-117.14,32.75,20,1182,379,678,326,2.1937,162500
-117.14,32.76,32,2587,681,1246,650,2.1727,145500
-117.14,32.76,35,1785,493,965,506,2.0792,160000
-117.13,32.76,29,2568,682,1191,642,2.1094,162500
-117.13,32.76,41,1545,420,747,415,2.375,154400
-117.13,32.76,27,2280,695,1235,664,1.9392,142900
-117.13,32.76,33,1591,461,794,425,2.6333,140000
-117.14,32.76,24,3523,991,1775,873,2.1273,142300
-117.13,32.75,28,2279,671,1166,623,1.95,150000
-117.13,32.75,31,2336,656,1186,609,2.5872,130600
-117.13,32.75,50,1476,354,698,354,3,168800
-117.13,32.75,37,4142,1031,1936,968,2.693,174100
-117.12,32.75,37,2344,546,1134,513,2.4394,118300
-117.12,32.74,46,1898,441,978,439,3.2708,155200
-117.13,32.75,20,2271,602,992,520,2.2599,157600
-117.11,32.77,50,1729,355,617,337,3.6705,167000
-117.11,32.77,52,1484,224,498,223,6.6053,331400
-117.11,32.77,52,1506,233,478,240,4.3875,3e+05
-117.1,32.76,52,2606,426,883,380,4.2813,270800
-117.09,32.77,38,2065,374,812,343,3.125,216500
-117.09,32.76,44,1139,214,470,217,3.5481,203100
-117.11,32.76,31,2293,549,1108,557,3.3854,204400
-117.1,32.76,30,1835,474,934,415,2.875,139600
-117.11,32.76,28,1457,397,672,342,1.9799,122700
-117.11,32.76,21,2226,600,1085,533,2.2604,126300
-117.1,32.75,11,2393,726,1905,711,1.3448,91300
-117.11,32.75,11,1607,478,1384,450,2.05,1e+05
-117.11,32.75,21,2127,658,1812,603,1.6896,1e+05
-117.11,32.75,18,1943,587,1329,522,1.7696,103100
-117.09,32.76,29,1650,496,882,445,2.2287,140000
-117.1,32.76,31,987,267,619,250,2.9286,151800
-117.1,32.75,16,2426,799,1505,754,1.6444,103400
-117.1,32.75,21,2063,609,1686,558,1.4828,94800
-117.1,32.75,20,2355,722,1848,576,2.0036,99200
-117.1,32.75,23,1858,551,1506,492,1.7446,85200
-117.11,32.75,46,695,182,601,195,2.4219,90600
-117.11,32.75,20,1667,469,1292,445,2.0893,101100
-117.11,32.74,25,2846,644,2272,632,2.2,98700
-117.11,32.74,25,684,190,665,187,2.4524,90300
-117.11,32.73,35,1689,397,1135,366,2.3269,97300
-117.11,32.73,34,1096,221,574,223,3.8355,126700
-117.11,32.73,27,3160,627,1628,612,3.8864,132600
-117.09,32.75,30,1899,546,1620,493,1.6034,84400
-117.08,32.75,20,1886,586,1134,525,1.5029,1e+05
-117.09,32.75,28,1220,391,1286,396,1.2286,105000
-117.07,32.75,37,2690,549,1219,524,2.3148,154200
-117.07,32.75,9,3464,749,1687,645,3.3026,119100
-117.06,32.75,34,1917,419,1181,426,3.0208,129200
-117.05,32.74,34,2178,455,1193,446,3.1719,115300
-117.07,32.75,31,2036,501,1263,442,2.5583,120700
-117.08,32.73,36,3331,643,1903,622,3.6974,122000
-117.07,32.74,38,1901,392,1099,406,2.7661,113900
-117.08,32.73,36,1158,218,619,233,3.6125,122500
-117.07,32.73,18,2968,656,1149,581,2.6452,154200
-117.08,32.77,31,1070,155,426,153,6.1628,219200
-117.07,32.77,34,2245,394,1849,429,3.5446,185500
-117.07,32.76,42,1827,378,880,380,2.5125,176600
-117.08,32.77,25,3911,849,1580,767,2.7778,184100
-117.08,32.76,27,1221,254,606,259,3.0833,155400
-117.08,32.76,20,2547,785,1199,643,1.7743,140300
-117.06,32.77,18,2269,682,1329,581,1.7951,161800
-117.06,32.76,36,2785,577,1275,527,2.3015,156800
-117.06,32.76,38,1549,288,636,278,3.2188,150500
-117.06,32.76,37,2356,476,1231,499,2.965,155700
-117.05,32.75,36,2024,408,1030,390,3.8233,139800
-117.05,32.75,35,2144,388,1003,383,3.0938,137300
-117.07,32.72,18,1758,286,987,277,4.6875,141800
-117.08,32.72,32,2286,468,1741,467,3.0446,101900
-117.06,32.73,33,3444,619,1884,582,3.7891,126700
-117.06,32.71,25,2681,596,1947,553,2.8964,104300
-117.08,32.7,37,2176,418,1301,375,2.875,98900
-117.08,32.7,36,2103,390,1279,392,2.4135,97000
-117.06,32.71,21,1864,388,1498,389,3.8194,125700
-117.06,32.71,11,2397,523,1566,514,3.8687,145200
-117.08,32.71,27,2204,598,1656,521,1.4821,86200
-117.07,32.71,26,4151,823,2822,697,2.8372,123400
-117.02,32.71,20,4050,745,2870,761,3.7366,121800
-117.02,32.7,22,2756,516,1849,486,4.1837,125400
-117.02,32.7,18,1643,283,1134,269,5.1769,133000
-117.05,32.69,8,831,158,740,154,5.3908,165500
-117.06,32.69,9,1520,269,1250,265,4.8875,157700
-117.06,32.68,38,1481,317,1080,291,2.85,125800
-117.06,32.68,36,3815,796,2945,728,2.0959,125000
-117.05,32.69,21,991,210,695,203,3.625,144300
-117.05,32.67,32,4227,785,2842,795,3.9646,137800
-117.06,32.66,33,3425,511,1528,479,5.6889,234600
-117.03,32.67,15,5094,818,2118,758,5.3505,266600
-117.05,32.69,14,1689,555,1319,527,3.16,143800
-117.04,32.68,14,1320,270,943,260,5.0947,152700
-117.04,32.68,9,3087,609,1530,556,3.775,125000
-117.04,32.68,11,1875,357,1014,386,4.375,115000
-117.02,32.69,7,6055,1004,3031,952,4.436,135000
-117.03,32.69,10,901,163,698,167,4.6648,156100
-117.09,32.7,22,2409,582,1887,578,1.4089,94200
-117.09,32.69,18,1645,430,1221,410,1.3269,108000
-117.09,32.69,20,1102,205,852,217,3.1833,108300
-117.1,32.69,11,3071,911,2812,774,1.2413,83100
-117.1,32.71,9,1931,472,1628,445,2.085,92600
-117.09,32.73,26,3114,686,1948,660,2.8942,124100
-117.09,32.72,39,1273,246,770,242,2.0938,102500
-117.09,32.73,28,3109,594,1559,589,3.5789,120300
-117.1,32.71,29,3422,713,2775,644,1.7075,86900
-117.11,32.7,34,2028,522,1797,464,1.7402,79400
-117.11,32.7,37,2045,502,1920,472,1.8125,83300
-117.11,32.7,33,1980,488,1626,428,1.4856,86400
-117.12,32.7,36,1011,253,763,226,1.8187,84100
-117.1,32.69,35,1292,272,1183,272,2.0547,98000
-117.11,32.69,36,1421,367,1418,355,1.9425,93400
-117.11,32.69,37,2395,627,2489,599,1.5933,86300
-117.11,32.69,39,395,159,620,162,2.725,86500
-117.12,32.7,38,818,217,953,231,1.0531,65700
-117.13,32.7,48,786,230,917,231,1.875,75600
-117.13,32.7,42,1210,292,945,258,0.8991,78900
-117.13,32.7,38,1445,392,1286,357,1.4632,80200
-117.13,32.7,35,1179,344,1372,330,1.9509,70200
-117.12,32.71,33,1256,331,1315,321,1.9286,78500
-117.13,32.71,42,1145,314,1114,307,1.2614,87500
-117.13,32.71,44,1697,413,1396,363,1.5474,83300
-117.13,32.72,32,2197,623,1784,599,1.901,120300
-117.12,32.71,24,421,101,396,113,0.6433,111300
-117.13,32.72,19,1341,435,1048,360,1.975,117900
-117.12,32.73,50,2307,424,887,356,3.5156,168800
-117.12,32.73,52,3976,718,1750,769,3.4151,175400
-117.13,32.73,52,1148,214,481,215,5.454,240900
-117.13,32.73,52,2676,557,1181,537,3.6058,213100
-117.13,32.72,52,1560,307,757,315,2.7083,199100
-117.13,32.73,52,1911,415,777,412,2.2429,221100
-117.14,32.72,45,1140,310,840,339,1.6156,156300
-117.14,32.72,34,2533,862,2011,778,2.1199,160400
-117.14,32.71,39,1647,478,2176,479,1.7642,82900
-117.13,32.7,35,365,98,463,112,2.5588,78800
-117.14,32.7,48,510,180,545,132,1.8008,86500
-117.14,32.7,47,552,161,593,174,0.9589,90000
-117.15,32.7,50,475,172,483,120,1.3657,162500
-117.15,32.71,52,402,183,557,172,1.3125,87500
-117.15,32.7,52,458,148,1283,166,1.2863,86300
-117.15,32.72,52,344,177,460,147,1.2292,137500
-117.16,32.71,52,845,451,1230,375,1.0918,22500
-117.16,32.71,5,2508,827,2066,761,1.3092,325000
-117.17,32.71,7,2493,693,951,641,4.2375,205000
-117.14,32.73,26,450,132,317,109,4,137500
-117.15,32.72,51,1321,550,781,499,1.3071,250000
-117.17,32.72,44,626,256,572,229,1.5909,262500
-117.16,32.74,49,1815,495,601,410,3.0571,418800
-117.19,32.75,33,1115,316,583,269,2.5882,258300
-117.18,32.74,20,1165,269,459,244,3.175,191700
-117.21,32.75,27,2072,534,1118,510,2.8043,262100
-117.22,32.75,24,3914,985,2147,874,2.9735,225000
-117.22,32.75,26,696,185,384,184,2.6121,125000
-117.23,32.75,23,2415,653,1275,596,3.1389,101800
-117.22,32.75,26,617,112,251,110,3.8036,162000
-117.21,32.74,52,1245,174,468,193,6.9322,334500
-117.22,32.74,52,1283,173,436,190,7.4029,345700
-117.22,32.74,41,2621,542,1074,471,2.4016,287500
-117.22,32.75,34,6001,1111,2654,1072,4.5878,291000
-117.23,32.73,35,2914,683,1562,638,2.5259,240200
-117.23,32.74,44,1404,229,513,217,4.1806,263800
-117.24,32.74,43,2216,375,918,388,5.5289,297700
-117.24,32.72,39,3089,431,1175,432,7.5925,466700
-117.25,32.73,37,2224,331,821,341,6.3331,4e+05
-117.28,32.73,44,1934,325,783,316,4.8684,358600
-117.25,32.74,36,1830,430,755,419,2.9904,286800
-117.25,32.74,40,2186,549,953,515,2.8007,257100
-117.24,32.74,44,1686,285,712,298,4.0268,298600
-117.25,32.73,39,1688,256,635,272,4.5938,367400
-117.23,32.74,16,1953,404,798,385,4.8167,169800
-117.24,32.74,45,1718,293,757,329,4.05,284900
-117.24,32.75,41,1989,514,1015,489,2.79,226000
-117.25,32.75,36,1929,526,974,491,1.7622,205800
-117.28,32.75,34,981,313,508,304,2.2328,266700
-117.25,32.79,37,1467,442,651,354,2.375,340400
-117.25,32.79,43,906,240,458,205,1.8365,328600
-117.28,32.77,38,1267,340,442,250,4.3403,5e+05
-117.22,32.78,22,2020,466,1010,429,3.4527,175000
-117.23,32.79,28,2453,648,1082,617,3.625,266700
-117.23,32.78,35,1649,355,746,360,4.6293,356500
-117.24,32.78,44,2172,431,892,420,4.1742,342200
-117.24,32.79,17,1149,266,403,228,4.1652,241700
-117.24,32.79,20,961,278,525,254,3.1838,245800
-117.24,32.79,25,2135,691,566,320,2.6902,212500
-117.24,32.79,18,1741,602,508,283,3.2625,193800
-117.21,32.8,19,786,282,525,229,1.7273,137500
-117.23,32.8,22,2981,873,1751,745,2.3482,190600
-117.23,32.8,27,1297,355,776,337,2.4643,244400
-117.23,32.81,28,1508,263,996,267,3.8026,270000
-117.22,32.81,21,1703,335,902,369,3.7813,362500
-117.25,32.8,37,1096,260,490,267,3.2663,270600
-117.25,32.8,30,2061,631,1007,577,2.5813,253100
-117.25,32.8,31,2182,630,1069,599,2.9781,212500
-117.25,32.79,25,1627,375,735,378,3.6429,317100
-117.28,32.8,20,1838,540,615,325,3.5486,193800
-117.23,32.8,21,2429,579,1011,538,3.225,229400
-117.23,32.8,28,3379,918,1849,849,3.0293,241700
-117.24,32.8,28,1072,331,692,321,2.1357,187500
-117.24,32.8,19,1863,497,868,503,2.288,210000
-117.24,32.8,30,1917,462,828,437,2.4671,276300
-117.24,32.8,29,3376,882,1513,843,3.101,238200
-117.26,32.81,25,2076,586,1060,554,2.8421,227800
-117.26,32.81,37,1616,421,650,395,2.92,326500
-117.24,32.81,33,1588,289,683,301,5.4103,332400
-117.24,32.81,34,2420,391,917,392,6.5881,394400
-117.27,32.84,34,1655,450,870,411,3.2109,376000
-117.28,32.84,41,1420,338,640,314,2.9306,360300
-117.27,32.82,42,2820,488,1175,500,4.5083,405200
-117.27,32.85,34,2105,444,780,406,2.3187,488900
-117.23,32.81,24,3271,508,1496,482,5.9359,422200
-117.23,32.81,22,3205,429,1083,410,8.1844,406300
-117.23,32.88,18,5566,1465,6303,1458,1.858,205000
-117.21,32.85,26,2012,315,872,335,5.4067,277500
-117.24,32.83,18,3109,501,949,368,7.4351,445700
-117.24,32.85,18,3117,475,904,368,6.7587,388500
-117.19,32.86,18,4231,728,2030,720,6.1805,272400
-117.23,32.87,15,2290,662,1034,594,3.0104,204200
-117.23,32.86,15,1199,301,510,296,3.6083,180100
-117.23,32.86,15,1703,320,587,282,5.0855,209800
-117.23,32.87,11,3123,740,1223,634,5.417,196800
-117.15,32.91,14,1259,238,889,247,4.9464,174800
-117.16,32.89,5,8576,1952,5006,1827,4.3598,189100
-117.12,32.91,8,3405,961,1742,918,2.8728,114600
-117.13,32.91,16,2715,581,1619,584,4,154700
-117.14,32.9,16,3217,716,2054,687,4.2234,162100
-117.13,32.9,15,2785,644,1798,630,3.7156,175200
-117.12,32.9,14,3249,937,1929,838,2.8588,92500
-117.12,32.9,13,1743,363,854,353,4.6667,138200
-117.13,32.92,16,2173,399,1460,393,4.2614,169600
-117.13,32.92,17,1481,315,1002,300,3.6196,163400
-117.14,32.92,7,1308,418,766,390,3.2151,106300
-117.14,32.92,6,3069,750,1541,736,3.814,132500
-117.14,32.92,15,3242,595,1936,593,4.9706,184700
-117.13,32.93,16,2918,444,1697,444,5.3062,195500
-117.14,32.93,16,2412,419,1612,422,4.5086,171100
-117.14,32.92,15,1558,314,949,332,5.2864,174400
-117.15,32.92,16,2366,392,1482,407,4.9024,182900
-117.18,32.92,4,15025,2616,7560,2392,5.196,210700
-117.25,32.94,15,1804,339,673,296,5.9806,370500
-117.24,32.94,12,2165,437,792,386,5.2648,294400
-117.18,32.95,4,19001,2688,8980,2441,6.3237,260900
-117.21,32.96,3,6251,988,2330,893,8.4355,467600
-117.22,32.95,4,18123,3173,7301,2964,6.357,322500
-117.22,32.83,34,2936,597,1512,571,3.7841,176900
-117.22,32.83,31,2558,512,1164,492,3.4318,200400
-117.2,32.84,34,3353,544,1583,571,4.55,187700
-117.2,32.84,32,2033,394,989,389,3.2583,181400
-117.21,32.84,34,2158,366,1046,335,4.5402,182100
-117.21,32.82,31,2035,383,866,360,3.8529,212000
-117.21,32.81,27,1318,216,495,191,5.2837,283800
-117.22,32.82,22,3738,795,1476,728,3.7963,303100
-117.22,32.81,24,730,196,335,203,3.5078,362500
-117.2,32.82,35,1217,220,643,237,3.9464,171600
-117.2,32.82,35,2772,537,1392,521,3.337,172300
-117.19,32.82,35,2197,353,945,357,4.9219,192900
-117.18,32.84,31,3064,575,1476,549,3.6667,175900
-117.18,32.83,23,2105,525,1218,484,3.375,184100
-117.19,32.83,30,2288,448,1240,469,4.0114,169800
-117.19,32.83,30,3225,555,1601,532,4.3317,173300
-117.17,32.82,24,1623,417,911,397,2.7401,198100
-117.18,32.83,31,1772,353,1090,350,3.9265,162000
-117.16,32.82,28,2291,371,1098,382,4.6875,188000
-117.17,32.81,26,2424,388,974,375,4.739,184100
-117.16,32.81,14,4328,1100,2046,1044,2.2899,159000
-117.16,32.81,35,1213,200,532,181,3.6806,172400
-117.16,32.8,37,422,79,211,80,3.0625,159700
-117.17,32.81,33,3064,506,1355,488,4.22,178700
-117.14,32.83,25,2161,462,896,468,2.2284,177500
-117.18,32.81,28,3436,537,1503,498,4.7679,204000
-117.17,32.78,42,1104,305,892,270,2.2768,145200
-117.17,32.77,35,1399,274,695,281,3.767,166800
-117.17,32.77,6,3856,875,1547,816,4.5481,164800
-117.18,32.78,21,4185,1018,3122,993,3.0481,210000
-117.21,32.81,26,2496,407,1062,380,5.5413,302100
-117.2,32.8,34,4854,912,2089,854,3.8542,2e+05
-117.2,32.79,16,2079,394,746,383,5.0958,3e+05
-117.21,32.8,34,1398,222,532,244,3.7102,289600
-117.19,32.8,16,2593,794,1235,684,3.1304,166300
-117.2,32.8,36,4018,1067,1620,842,2.3599,168400
-117.2,32.79,31,3417,533,1245,532,4.7788,276000
-117.2,32.79,29,1213,228,654,246,4.5987,255600
-117.2,32.78,38,2662,498,1132,496,4.0057,241600
-117.19,32.77,30,2747,640,3185,657,3.765,238000
-117.19,32.77,16,3273,670,1305,671,4.1368,151000
-117.19,32.77,9,634,152,248,133,3.8571,143800
-117.19,32.77,14,3575,992,1645,839,2.4397,140600
-117.15,32.81,34,1629,318,900,282,3.1458,178300
-117.14,32.8,41,2423,469,1813,466,2.1157,156900
-117.14,32.8,33,2670,435,1256,431,3.9417,179800
-117.14,32.8,35,1267,212,710,204,2.5368,169600
-117.15,32.78,25,1577,266,611,284,5.25,205100
-117.13,32.81,19,2157,554,1349,535,2.7652,177400
-117.12,32.8,31,1727,342,879,345,3.8125,166300
-117.13,32.79,35,1458,262,723,257,4.2098,174100
-117.13,32.79,35,1362,243,698,255,3.6458,173800
-117.15,32.77,16,2056,631,847,569,2.9576,92200
-117.09,32.81,7,6100,1185,2710,1040,5.5673,288200
-117.11,32.8,17,3890,586,2791,595,3.2197,67500
-117.09,32.8,15,666,152,247,164,2.15,131300
-117.1,32.83,16,1049,154,467,160,6.2047,248100
-117.09,32.83,15,4138,636,2001,677,4.8419,264000
-117.08,32.82,16,1787,236,770,228,7.1298,278600
-117.08,32.83,7,13703,2352,4446,1856,6.4335,260600
-117.04,32.83,8,2205,348,777,341,6.0266,177400
-117.07,32.91,5,2234,256,894,253,10.3354,477600
-117.09,32.79,20,2183,534,999,496,2.8631,169700
-117.11,32.79,16,1791,518,1006,491,3.5179,129300
-117.11,32.78,16,2470,830,1170,724,3.5562,73500
-117.07,32.8,31,2550,395,1017,405,5.1488,181000
-117.07,32.81,15,2000,402,778,369,4.3594,224200
-117.06,32.81,17,3939,550,1694,553,6.7927,234700
-117.05,32.8,17,1475,308,549,293,3.7167,180400
-117.07,32.79,25,2489,314,911,309,7.8336,277600
-117.04,32.79,23,2491,350,863,348,6.7196,306800
-117.04,32.8,25,2504,345,1067,350,5.7416,243400
-117.05,32.8,16,1561,378,574,350,3.0035,94600
-117.05,32.8,25,1905,250,865,253,6.4797,249000
-117.05,32.8,23,3309,401,1116,386,7.916,330600
-117.06,32.79,21,3787,492,1246,457,9.6023,391300
-117.06,32.78,31,2485,436,942,448,4.8,220800
-117.03,32.8,19,3866,775,1554,703,4.3281,220000
-117.02,32.8,29,1232,243,665,247,3.65,168900
-117.01,32.81,26,4499,645,1866,626,5.516,185100
-117.04,32.81,12,2880,406,1381,418,6.5412,254200
-117.05,32.59,26,1919,345,1326,341,4.2679,131900
-117.06,32.58,17,2724,567,2213,554,3.8529,147700
-117.06,32.57,16,1269,282,1609,298,2.6985,156500
-117.05,32.58,25,2185,370,1558,369,5.3072,132700
-117.06,32.57,25,1268,282,991,299,3.0284,123600
-117.05,32.57,13,2880,576,2450,567,3.1696,138000
-117.05,32.56,17,985,233,811,223,2.875,134500
-116.97,32.56,23,1262,294,5176,275,2.5625,153300
-117.04,32.54,7,938,297,1187,282,1.2667,67500
-117.1,32.59,21,2350,667,1621,613,2.0734,87500
-117.1,32.58,23,1662,377,1318,386,2.3,120800
-117.1,32.58,29,1061,202,759,206,4.8646,136800
-117.1,32.57,26,2343,371,1221,372,4.3601,144900
-117.1,32.56,16,2687,501,1502,480,3.75,146800
-117.07,32.57,17,2961,634,1911,615,2.5859,131400
-117.07,32.56,9,3648,895,3293,840,3.0992,142600
-117.08,32.58,15,1462,274,1002,271,3.9698,142700
-117.07,32.58,25,1607,280,899,260,3.8194,134400
-117.08,32.57,9,6298,1512,4451,1456,2.569,88300
-117.09,32.57,23,1817,323,1371,327,3.6736,139500
-117.09,32.57,17,444,83,357,87,5.1478,138900
-117.09,32.56,8,864,156,626,172,4.8984,151500
-117.13,32.58,27,2511,615,1427,576,3.1645,156000
-117.12,32.56,20,2524,682,1819,560,2.9286,257700
-117.11,32.58,28,1869,407,1074,344,2.5988,135600
-117.11,32.57,32,2723,586,1702,562,3.3371,140500
-117.12,32.57,35,1450,256,930,286,2.6715,133300
-117.12,32.58,26,1360,309,869,328,3.0217,131600
-117.11,32.59,17,2020,534,1529,500,2.1773,143200
-117.11,32.58,12,1086,294,870,290,2.4213,132500
-117.11,32.59,18,2329,580,1538,567,2.1179,153100
-117.13,32.63,10,7374,1157,1900,794,8.7991,478500
-117.17,32.63,26,1617,279,2745,250,3.5357,67500
-117.18,32.69,37,3112,716,1304,674,3.2121,320800
-117.18,32.69,44,2819,514,1258,503,4.4777,452800
-117.17,32.7,33,4084,897,1804,833,4.0488,409700
-117.18,32.7,44,2655,514,1102,489,3.6759,368800
-117.11,32.68,36,26,14,58,23,1.9107,125000
-117.11,32.67,43,515,146,445,140,1.6094,93000
-117.11,32.67,52,204,74,248,57,1.7961,47500
-117.11,32.67,52,280,71,217,71,1.4844,83300
-117.11,32.66,52,25,5,14,9,1.625,118800
-117.09,32.66,38,833,206,570,182,1.8333,127100
-117.09,32.66,37,1232,330,1086,330,1.6389,114300
-117.1,32.66,27,1782,560,1785,560,2.1542,106300
-117.1,32.67,15,1635,553,1347,597,1.2745,92900
-117.1,32.69,29,4174,1195,3675,1124,1.8112,103600
-117.1,32.68,42,2013,568,1920,557,2.0724,107600
-117.1,32.68,47,771,224,637,212,2.0156,90300
-117.07,32.69,29,1429,293,1091,317,3.4609,118000
-117.08,32.69,31,2558,487,1938,492,3.4875,117000
-117.09,32.69,34,1469,267,1031,267,3.4583,112700
-117.07,32.69,28,1485,275,820,283,4.069,153300
-117.07,32.67,28,2758,623,2179,631,2.3814,112300
-117.08,32.66,43,1004,236,839,235,2.81,103400
-117.07,32.64,32,5135,1025,2152,944,4.1325,172800
-117.08,32.64,43,1005,230,548,252,1.8672,145800
-117.08,32.64,38,917,256,494,233,1.9241,150000
-117.08,32.64,11,1651,533,947,515,1.6806,141700
-117.09,32.65,20,1445,323,573,334,2.619,145800
-117.09,32.65,25,3509,985,2359,899,2.6296,150000
-117.09,32.64,38,2095,536,1240,550,2.7218,145900
-117.1,32.64,29,1578,460,1236,461,2.5658,134700
-117.09,32.64,19,2571,791,1205,783,1.62,131300
-117.09,32.63,27,2920,770,1935,746,2.4148,67500
-117.11,32.64,23,1619,447,1025,415,1.858,67500
-117.11,32.62,27,1846,509,1078,482,2.1719,131500
-117.08,32.63,33,2891,793,1607,754,2.1281,139800
-117.07,32.64,38,1486,269,745,295,4.6477,150400
-117.07,32.64,30,2873,774,1593,731,2.24,129500
-117.08,32.62,28,2468,506,1353,522,3.0771,158600
-117.08,32.62,36,1674,309,818,307,3.4773,150400
-117.08,32.62,16,5192,1381,3261,1321,2.2685,151900
-117.07,32.62,19,5016,1173,2750,1081,2.7838,155900
-117.07,32.61,22,5016,1331,3222,1196,2.1441,135500
-117.08,32.59,30,144,52,220,48,2.3929,134400
-117.08,32.6,24,1901,490,1334,476,2.2544,121900
-117.07,32.61,10,1686,414,1000,391,2.1765,128400
-117.06,32.61,23,1630,362,1267,418,2.5625,131100
-117.06,32.6,24,1088,268,1095,246,2.4191,107300
-117.06,32.6,33,905,205,989,222,2.7014,108200
-117.05,32.63,31,4911,861,2334,843,4.1958,160100
-117.05,32.62,34,3928,686,2315,681,4.2851,144500
-117.04,32.62,26,3620,607,2000,593,4.9962,156000
-117.05,32.61,21,6034,1205,3795,1146,3.2633,129700
-117.05,32.61,26,1563,286,1145,313,3.8615,139300
-117.04,32.6,20,8052,1461,5094,1430,4.2241,139800
-117.04,32.6,18,4747,846,3002,872,3.9076,152900
-117.04,32.63,26,2074,356,1228,335,4.1154,160200
-117.02,32.59,19,1902,335,1102,313,3.0365,98100
-117.06,32.64,30,4494,667,1883,680,5.766,186100
-117.06,32.63,29,4168,742,2096,713,4.2204,169800
-116.98,32.68,22,2346,380,1217,382,5.5248,156300
-117.02,32.67,20,1505,184,635,182,6.5772,245200
-117.02,32.66,19,771,103,376,108,6.6272,273600
-117,32.64,11,3098,490,1391,484,4.9792,170400
-117.02,32.64,5,260,41,157,42,6.5151,281700
-117.03,32.63,13,2087,313,1165,330,5.7789,227700
-116.99,32.74,17,3101,547,1410,486,3.1771,189900
-116.98,32.74,17,3943,843,1995,766,2.6944,158300
-116.98,32.74,16,3361,537,1754,578,5.1098,162300
-116.95,32.74,7,2722,578,1429,574,3.9583,141700
-116.96,32.71,18,2413,533,1129,551,2.4567,155000
-116.97,32.76,26,2460,313,838,299,5.9878,270700
-116.98,32.75,25,4137,662,1905,630,4.375,214000
-116.97,32.75,28,3519,583,1720,590,4.7973,186900
-116.98,32.75,18,1519,369,802,347,2.9886,170800
-116.97,32.76,33,3071,466,1348,513,6.1768,228900
-116.95,32.76,13,5543,857,2074,737,4.9528,266200
-116.94,32.75,4,14934,2479,6945,2418,5.1221,229700
-116.92,32.76,9,1859,307,947,304,5.9202,181300
-117,32.76,31,1989,280,805,301,6.5645,189100
-116.99,32.76,21,3833,595,1645,589,4.625,273500
-116.99,32.74,18,3341,611,1952,602,3.9844,215300
-117,32.74,17,2357,599,1423,510,1.8856,118800
-117.01,32.74,31,3473,722,2098,677,2.6973,135200
-117.01,32.73,22,2526,530,1556,529,2.8646,120800
-117,32.73,17,6050,1143,3424,1131,3.7647,127600
-117,32.72,10,3817,943,2352,875,2.1362,143200
-117,32.7,23,2785,468,1456,449,4.3714,131000
-117,32.71,22,2263,441,1395,416,3.725,123500
-117.01,32.71,20,3506,692,1977,668,2.981,129100
-116.99,32.72,14,1771,301,1046,284,4.775,143300
-117.02,32.74,30,4205,772,2012,734,3.5,144700
-117.03,32.73,32,1750,333,997,335,3.4784,154400
-117.03,32.74,37,821,150,404,135,3.0125,130400
-117.02,32.73,22,5201,865,3280,817,4.7952,141400
-117.02,32.72,36,2030,369,1142,357,3.7763,126900
-117.04,32.72,24,5474,955,3020,904,4.0813,137000
-117.04,32.73,25,1375,267,1032,278,3.5492,125400
-117.05,32.72,35,3669,617,1694,585,3.9485,133900
-117.05,32.73,27,3184,588,1763,571,3.5529,133900
-117.03,32.74,35,1878,454,991,409,2.4345,129700
-117.04,32.74,33,3880,770,2288,805,3.6848,140700
-117.05,32.75,29,2767,612,1437,587,2.8306,142900
-117.02,32.76,40,2523,488,976,470,3.11,185700
-117.02,32.75,33,3296,537,1345,556,5.2835,217100
-117.04,32.77,26,4263,1037,2199,1010,2.734,148900
-117.04,32.76,43,3171,665,1534,625,3.141,141400
-117.05,32.76,37,4879,906,2076,871,3.6625,154800
-117.04,32.77,16,7963,1881,3769,1804,2.9624,144700
-117.03,32.77,19,4819,1492,2572,1336,2.3393,118200
-117.05,32.78,37,1184,178,529,192,4.7941,161700
-117.03,32.79,31,2366,383,1077,387,4.2992,174400
-117.03,32.79,17,7352,1699,3331,1634,2.7006,166300
-117.01,32.76,22,3626,824,1800,769,2.8594,189600
-117.01,32.77,34,3330,723,1592,656,2.6678,164200
-117.01,32.79,31,3776,815,1886,799,3.4421,155300
-116.99,32.79,33,2420,393,1003,397,4.0658,165100
-116.98,32.77,29,3558,447,1097,445,8.093,379600
-116.92,32.78,21,4192,752,2101,710,4.4306,159100
-116.91,32.78,15,4058,511,1580,473,7.5,316400
-116.94,32.78,17,13559,2656,6990,2533,3.434,193200
-116.88,32.81,35,2926,562,1590,506,4.2014,143200
-116.83,32.81,18,2367,402,1021,395,4.8125,210500
-116.91,32.8,32,1943,287,1081,292,5.6846,208800
-116.9,32.79,21,3770,491,1410,446,6.7685,294700
-116.94,32.8,21,7906,2292,4868,2117,1.8937,109800
-116.96,32.79,35,1081,266,691,259,2.6324,133700
-116.96,32.8,24,2493,693,1420,643,1.8357,104200
-116.97,32.78,35,1113,236,681,246,2.9784,136400
-116.98,32.79,32,3756,662,1611,598,3.8667,189700
-116.99,32.8,34,3657,538,1513,562,5.2907,195800
-117,32.8,33,1816,325,768,316,4.5662,150300
-116.99,32.81,25,4436,758,1997,738,4.2386,201000
-116.99,32.81,18,10968,1521,4439,1501,6.2787,250000
-116.97,32.83,23,149,32,101,34,2.6458,112500
-116.94,32.8,28,3042,729,1964,703,2.4141,137500
-116.96,32.8,19,4574,1152,3045,1057,2.065,124100
-116.96,32.8,25,3421,803,1681,742,3.369,134400
-116.92,32.81,23,2668,528,1510,524,3.3669,158900
-116.92,32.8,33,1518,268,857,272,3.5586,160400
-116.92,32.81,17,1312,394,836,337,1.6686,112500
-116.93,32.8,19,1867,538,1219,468,2.0685,130000
-116.93,32.81,18,2447,466,1573,472,2.6429,125400
-116.95,32.82,19,5308,1058,2852,1092,2.9161,135700
-116.95,32.82,12,5535,1434,3112,1262,2.5949,108300
-116.96,32.81,8,2378,638,1410,623,2.9097,152500
-116.94,32.81,8,2517,632,1686,613,2.136,143500
-117.01,32.83,17,15401,3280,7302,3176,3.3067,121900
-116.96,32.85,11,9724,1796,5247,1777,4.1716,166100
-116.98,32.88,12,7320,1279,4048,1249,4.3952,151700
-116.98,32.86,16,7718,1423,4383,1394,4.0693,146400
-117,32.87,18,11544,1979,6296,1923,4.4904,150400
-117.01,32.85,23,2592,414,1401,431,5.4903,151400
-117,32.85,24,1888,319,950,319,5.282,140800
-116.95,32.84,31,1307,245,752,231,3.4286,129400
-116.94,32.85,31,1293,232,599,228,4.7578,161000
-116.94,32.84,32,1607,253,778,262,4.5278,166300
-116.86,32.87,17,5799,921,2630,843,5.0524,285400
-116.91,32.87,14,3048,597,1690,576,4.3818,147100
-116.91,32.86,15,3153,628,1633,527,3.6898,131000
-116.92,32.82,17,2492,494,1278,439,2.8875,155700
-116.92,32.85,23,1378,269,767,266,4.0625,145000
-116.92,32.84,16,4675,834,2188,817,4.6674,178000
-116.91,32.83,16,5203,898,2515,862,4.105,174400
-116.91,32.85,21,4152,703,2255,697,4.5096,159500
-116.89,32.82,18,2515,443,1442,449,5.0201,154400
-116.94,32.89,24,2541,381,1078,372,5.2542,227800
-116.94,32.87,24,2824,441,1480,471,5.2614,177200
-116.9,32.9,19,3090,552,1621,520,4.0806,189200
-116.84,32.92,20,1066,219,536,173,3.1607,119300
-117.05,33.01,17,3430,425,1468,433,10.6186,429300
-117.04,33.01,28,922,107,314,97,8.4721,342300
-117.04,32.99,6,9518,1418,4413,1275,6.6012,314900
-117.04,32.98,16,1332,196,640,193,6.0226,192900
-117.05,32.96,18,3593,661,1992,626,4.8295,165800
-117.03,32.97,16,3936,694,1935,659,4.5625,231200
-117.03,32.96,16,3424,698,1940,645,4.121,182100
-117.05,32.95,17,3039,555,1297,552,3.9531,178600
-117.05,32.95,17,4814,1091,3013,1078,3.2369,167800
-117.06,33.01,24,2618,485,726,443,3.5192,159100
-117.07,33.02,17,2863,665,715,467,2.6048,148200
-117.06,33.04,17,1785,255,667,277,5.7382,278000
-117.07,33.03,14,6665,1231,2026,1001,5.09,268500
-117.07,33.03,15,1095,158,361,176,6.8099,328200
-117.08,33.03,10,2296,450,818,405,4.3424,160600
-117.07,33.04,4,2271,578,926,391,3.6437,210100
-117.08,33.03,18,1339,284,761,290,5.3074,137200
-117.15,33.02,4,15029,2279,5613,1696,7.2731,450400
-117.05,33.04,12,1840,254,580,234,6.7769,4e+05
-117.05,33.03,14,5180,1051,1639,991,4.5,222200
-117.05,33.02,18,917,121,388,131,6.3517,260100
-117.04,33.03,16,2852,435,1083,448,6.3761,296200
-117.09,32.91,16,2005,266,827,270,7.0546,282200
-117.09,32.9,16,1989,290,814,291,6.2715,255100
-117.11,32.9,16,2043,388,705,352,4.4766,161500
-117.08,32.91,16,1653,228,690,224,6.5853,248400
-117.06,33.01,9,2470,417,904,427,4.4219,209200
-117.07,33,4,6242,1258,2211,1116,4.25,281600
-117.09,32.98,23,1125,273,687,308,2.3182,268800
-117.1,33,5,15502,2613,7417,2358,5.9094,261100
-117.11,32.95,11,4694,824,2223,783,4.9485,231800
-117.12,32.95,4,9018,1572,4438,1498,4.988,263700
-117.08,32.97,3,17466,3336,7644,2895,5.4584,246500
-117.06,32.97,17,4754,877,2412,832,4.3548,192300
-117.25,33.06,6,9859,1448,4194,1401,6.439,296200
-117.26,33.06,11,2660,352,1226,366,7.6832,319800
-117.2,33.07,5,10394,1617,4496,1553,5.9289,411300
-117.24,33,16,2512,356,795,353,7.5975,369100
-117.26,32.99,16,2127,512,1532,499,2.7348,231300
-117.31,32.98,17,2789,648,849,345,4.1012,244700
-117.32,33.01,29,3584,712,1619,667,4.125,394400
-117.27,33.02,13,5723,1242,2450,1140,4.7179,376700
-117.26,33.04,18,2229,346,1088,352,6.3525,278300
-117.26,33.04,16,3109,450,1433,453,6.6319,269600
-117.25,33.03,6,3416,493,1319,467,6.9326,324600
-117.27,33.03,16,2240,443,1104,416,3.5313,148700
-117.26,33.02,9,4632,759,1724,685,6.3712,369800
-117.27,33.03,19,2899,499,1356,512,4.87,220900
-117.27,33.02,21,2144,340,928,344,5.798,286100
-117.29,33.05,28,1146,338,672,292,3.1667,3e+05
-117.27,33.04,27,1839,392,1302,404,3.55,214600
-117.27,33.08,7,2949,447,1335,426,6.0922,342400
-117.29,33.06,20,2110,335,1008,325,6.1509,338700
-117.28,33.06,8,4172,1022,2585,941,4.0118,245800
-117.3,33.08,24,2628,527,1389,520,4,343200
-117.34,33.06,17,2718,518,815,403,4.3182,357100
-117.3,33.06,31,2128,520,1049,485,4.027,290000
-117.33,33.16,29,3559,552,1533,545,4.0585,245500
-117.32,33.12,25,2670,527,936,461,2.7717,354000
-117.31,33.11,7,7974,1703,2904,1550,4.1282,188100
-117.29,33.12,4,1380,322,755,286,4.7961,168800
-117.29,33.1,6,6091,1018,2064,957,5.1837,259800
-117.28,33.1,13,2644,422,1197,399,6.5338,267900
-117.35,33.17,16,4595,1341,2849,1197,2.478,185600
-117.37,33.18,19,1931,509,855,394,2.6979,266700
-117.37,33.19,23,4104,1274,4729,1187,1.8214,173800
-117.37,33.19,33,2205,453,1138,439,2.8819,208600
-117.37,33.19,18,975,382,650,286,1.9562,192500
-117.37,33.19,38,861,213,486,204,4.1875,185000
-117.38,33.19,17,353,112,359,118,1.5625,162500
-117.36,33.2,19,2129,562,1323,525,2.9539,169900
-117.35,33.2,23,3297,728,1793,622,2.5754,169700
-117.29,33.24,5,3109,634,1823,578,3.1875,153800
-117.31,33.24,6,1580,288,792,265,4.0469,162400
-117.32,33.22,15,4784,1039,1810,986,2.4375,108900
-117.33,33.22,21,2868,602,855,559,2.7846,91200
-117.29,33.2,16,2150,461,1428,407,2.4754,157300
-117.31,33.18,16,1835,430,599,399,2.0147,87700
-117.28,33.2,20,4835,854,2983,834,4.3428,152100
-117.37,33.22,35,2204,482,1435,462,3.676,125600
-117.35,33.21,18,2971,606,2051,493,2.675,117100
-117.38,33.21,31,1502,367,1514,342,2.6442,103300
-117.37,33.2,29,1315,311,1425,306,2.0272,99600
-117.25,33.3,14,2513,351,1151,357,6.3054,359000
-117.26,33.26,9,4609,798,2582,746,4.3429,173900
-117.31,33.25,14,3483,764,2140,687,3.125,102300
-117.32,33.25,7,2499,420,1314,398,4.85,186900
-117.32,33.25,7,8206,1523,4399,1423,3.6301,170900
-117.34,33.23,11,3737,757,2212,727,3.1062,141000
-117.33,33.24,13,4543,881,2298,870,2.9386,143400
-117.24,33.34,17,2866,442,1354,431,4.5764,257300
-117.25,33.38,16,3536,765,2007,687,3,146700
-117.24,33.4,16,2704,463,1322,424,3.7857,227000
-117.23,33.38,18,3339,704,1727,652,2.8393,173200
-117.25,33.38,17,1614,431,1031,389,2.0956,134400
-117.26,33.37,7,2221,548,1440,501,2.2368,154600
-117.25,33.37,8,1755,530,1687,511,1.995,146900
-117.24,33.37,14,4687,793,2436,779,4.5391,180900
-117.25,33.36,6,3725,960,2833,915,2.3214,247000
-117.34,33.46,14,1902,338,848,304,5.5395,273300
-117.19,33.41,16,3031,554,1301,518,4.0882,296100
-117.14,33.39,17,2889,587,1931,510,3.8547,208300
-117.1,33.36,19,3518,658,2091,610,3.2614,168800
-116.95,33.31,16,2921,639,1838,540,2.2393,117000
-117.03,33.32,14,1088,209,601,193,3.8438,243800
-117.05,33.29,17,1800,312,891,281,7.0177,267600
-117.12,33.27,11,3016,601,1727,541,4.9375,232800
-117,33.29,17,2073,313,573,221,8.2531,419200
-116.98,33.26,12,5898,1002,3129,945,4.7647,254100
-116.99,33.2,17,2980,539,1531,505,3.1553,250000
-117.11,33.23,13,5819,919,2228,866,4.9335,298100
-117.08,33.23,14,3337,571,1385,512,4.15,272200
-117.15,33.2,16,2690,459,1253,393,4.0328,294600
-117.2,33.2,16,4409,629,1875,609,5.543,286400
-117.22,33.22,16,2134,643,1555,560,1.7217,175000
-117.24,33.23,21,1718,308,1194,312,3.4359,150900
-117.23,33.23,13,2899,657,1946,579,2.9875,172000
-117.27,33.23,5,20908,3933,9690,3510,4.1405,198500
-117.27,33.22,5,2283,337,999,325,5.0249,196700
-117.27,33.22,16,1420,311,470,313,1.8849,90800
-117.28,33.22,13,2832,542,1065,531,2.3844,98600
-117.27,33.21,5,5764,996,3161,1012,4.4531,177500
-117.26,33.21,26,1906,408,1325,427,3.0197,136000
-117.28,33.2,11,1472,261,1012,285,4.21,175600
-117.27,33.2,23,2145,379,1360,404,4.2054,150700
-117.26,33.2,13,3163,725,1675,629,2.8214,121900
-117.24,33.2,25,1631,415,1045,386,2.4505,147500
-117.24,33.2,26,1701,404,989,367,2.5119,171700
-117.25,33.2,22,2361,618,1472,596,2.0625,124500
-117.25,33.2,10,2050,473,1302,471,2.7961,131300
-117.22,33.2,31,1736,277,801,292,4.4844,205500
-117.23,33.2,29,3372,720,1770,693,3.5109,166000
-117.21,33.2,22,3337,518,1288,466,5.04,253700
-117.27,33.18,4,3371,773,1481,627,2.9133,215700
-117.26,33.19,2,2629,509,1044,522,4.2361,158500
-117.24,33.19,19,1569,351,1035,352,2.9191,159400
-117.32,33.17,18,2143,299,828,283,4.2383,239000
-117.31,33.16,4,5846,894,2282,801,5.5956,247800
-117.31,33.16,17,1704,263,781,281,5.6605,224400
-117.29,33.18,15,3780,792,1632,721,2.7644,111400
-117.29,33.18,17,821,176,436,168,3.1667,160600
-117.28,33.18,14,676,118,384,126,6.2096,178100
-117.27,33.15,4,23915,4135,10877,3958,4.6357,244900
-117.29,33.15,11,2560,445,952,448,4.0625,87500
-117.23,33.16,4,3066,625,1164,582,4,228100
-117.21,33.16,13,2937,698,1246,579,2.6487,196000
-117.2,33.14,19,2025,414,1663,403,3.8147,139200
-117.22,33.14,5,4576,848,2314,705,5.0123,210400
-117.21,33.13,15,1889,368,754,409,2.2278,132800
-117.14,33.16,16,1660,236,733,214,5.6874,202700
-117.14,33.15,17,1149,182,702,192,5.5696,168400
-117.14,33.15,16,1129,198,758,178,5.0346,174600
-117.15,33.14,15,1070,208,470,217,2.3062,158900
-117.13,33.14,16,1649,278,993,277,4.8526,170700
-117.13,33.14,5,2618,539,1320,512,4.1053,171400
-117.12,33.14,16,1710,272,1025,267,4.1641,163600
-117.12,33.14,12,2363,408,1211,396,3.8967,172600
-117.13,33.14,12,2258,456,1147,433,4.0495,153900
-117.18,33.15,7,6225,1683,5410,1580,2.32,117500
-117.21,33.13,19,3068,596,912,554,3.775,168000
-117.21,33.12,4,3261,689,926,561,4.3672,258900
-117.18,33.11,16,3470,601,1197,552,5.1814,279900
-117.24,33.11,10,3487,545,1410,557,6.0336,240300
-117.26,33.09,13,3730,761,1335,603,4.1667,227100
-117.23,33.09,7,5320,855,2015,768,6.3373,279600
-117.26,33.08,12,5080,814,1958,716,5.3905,299600
-117.09,33.13,9,5685,1442,3773,1250,3.0426,129900
-117.08,33.14,11,1430,292,921,294,4.2357,160900
-117.07,33.15,17,1893,297,936,287,5.1842,157700
-117.08,33.16,11,6341,1030,2697,977,4.8554,206700
-117.07,33.15,15,2994,522,1231,503,3.2024,180400
-117.08,33.14,19,2629,494,1444,503,3.5462,156800
-117.09,33.15,13,3958,865,1981,840,3.4764,137500
-117.07,33.13,17,6817,1632,4526,1474,2.6152,135300
-117.06,33.14,27,3819,674,2447,717,3.8185,137200
-117.05,33.13,20,7746,2035,5370,1838,2.3762,98500
-117.05,33.14,16,4552,1166,2737,1051,2.25,136300
-117.11,33.15,14,8374,1407,2916,1295,4.7019,191100
-117.1,33.15,5,3159,685,1398,581,3.1467,161100
-117.1,33.14,7,10665,2576,4917,2424,2.3171,159500
-117.11,33.14,10,3208,636,1395,582,3.4455,190500
-117.11,33.12,46,52,13,59,13,3.875,2e+05
-117.11,33.11,17,2641,627,1167,647,2.2875,132400
-117.14,33.07,12,9302,1603,4074,1504,4.3513,199600
-117.07,33.07,8,2756,343,1045,340,8.5957,444100
-117.1,33.09,5,12045,2162,5640,1997,4.4375,353000
-117.08,33.09,23,3792,624,1988,658,4.7566,178300
-117.09,33.12,11,567,184,620,163,2.5284,122500
-117.08,33.12,37,1060,268,823,229,1.8363,145500
-117.07,33.11,31,2055,473,1326,427,3.0915,139900
-117.07,33.12,21,4578,927,2818,900,3.1458,187700
-117.07,33.12,12,2453,599,1251,529,2.4122,127000
-117.07,33.11,17,5565,1237,3004,1139,3.0054,142300
-117.05,33.13,17,2385,372,1118,369,4.2813,169900
-117.05,33.13,22,2427,390,1099,362,5.2323,167500
-117.05,33.1,13,5516,746,2119,662,6.1868,320200
-116.93,33.06,16,3490,545,1628,535,4.8836,239900
-116.77,33.08,13,1406,260,737,279,5.5842,239100
-116.84,33.01,5,5673,855,2592,797,5.4155,199200
-116.88,33.05,11,7217,1583,4197,1502,2.8827,166700
-116.88,33.02,16,3204,541,1818,529,5.2596,171500
-116.86,33.02,17,401,68,251,69,4.6518,170200
-116.68,33.16,26,1820,374,1001,324,2.1797,156300
-116.61,33.04,11,2522,538,616,269,3.875,198100
-116.52,32.9,18,4454,852,1754,656,4.57,189900
-116.32,33.28,19,1791,367,327,185,3.3625,1e+05
-116.58,32.69,19,4085,876,2133,718,2.919,116500
-116.35,32.74,16,2595,606,1046,367,1.7137,110700
-116.2,32.64,28,1608,409,567,254,1.4648,61800
-116.77,32.82,16,3688,817,1969,767,2.875,222900
-116.75,32.82,17,3348,481,1222,443,6.6361,308600
-116.8,32.8,11,3874,565,1672,546,6.1481,274600
-116.62,32.86,18,4115,847,2032,745,4.0159,169100
-116.66,32.79,13,843,157,918,152,6.2152,240600
-116.87,32.75,15,2053,321,993,309,5.5164,248900
-116.91,32.73,8,4630,624,2048,575,6.4745,300300
-116.87,32.72,13,3268,491,1431,503,5.7652,259900
-122.41,37.8,52,4088,946,1906,863,3.6065,433300
-122.41,37.8,52,2450,741,1415,664,2.8229,375000
-122.41,37.8,52,1866,748,2957,710,1.8295,243800
-122.41,37.8,30,1821,738,1648,684,0.8836,450000
-122.41,37.8,52,2892,751,1785,733,3.5746,350000
-122.42,37.8,52,3823,1040,1830,977,4.2458,450000
-122.42,37.8,52,1777,486,932,427,3.3643,420000
-122.42,37.79,52,3364,1100,2112,1045,2.1343,4e+05
-122.42,37.79,52,3511,1232,2452,1131,2.5013,275000
-122.41,37.79,52,2161,544,904,431,3.5066,350000
-122.4,37.79,52,1185,660,1007,623,1.4552,450000
-122.41,37.79,52,1436,738,1688,662,1.5156,237500
-122.41,37.79,52,6016,2509,3436,2119,2.5166,275000
-122.42,37.79,52,2737,1241,1761,1029,1.8068,225000
-122.43,37.8,52,3172,848,1259,806,4.1047,466700
-122.43,37.8,52,2788,813,1302,764,4.199,4e+05
-122.43,37.8,52,2994,821,1240,779,3.3715,5e+05
-122.42,37.79,52,2511,895,1202,804,2.6607,87500
-122.43,37.79,25,1637,394,649,379,5.0049,460000
-122.44,37.79,52,2083,491,1224,483,4.0882,468800
-122.44,37.79,52,1726,384,614,356,3.6812,5e+05
-122.45,37.78,45,2747,699,1320,693,3.1576,333300
-122.43,37.79,24,2459,1001,1362,957,2.6782,450000
-122.43,37.78,10,2380,843,1245,789,1.3062,220000
-122.44,37.78,39,1181,310,901,281,1.4866,237500
-122.45,37.78,52,2686,606,1392,578,4,355300
-122.46,37.78,47,1682,379,837,375,5.2806,4e+05
-122.44,37.78,52,3510,791,1703,657,2.8654,280000
-122.44,37.78,44,1545,334,561,326,3.875,412500
-122.45,37.78,52,2033,438,2198,418,3.6667,418400
-122.44,37.78,16,883,236,601,219,2.151,146900
-122.43,37.78,49,2246,587,1277,546,2.9792,350000
-122.44,37.78,52,3017,851,1588,800,3.3882,471400
-122.44,37.78,31,1364,386,707,379,3.1607,293800
-122.43,37.78,26,3587,1034,1821,936,2.6392,287500
-122.43,37.78,17,2728,908,1670,893,1.077,115000
-122.42,37.78,52,1254,469,895,456,2.1516,187500
-122.43,37.78,29,1310,364,1009,379,1.3844,177500
-122.43,37.78,52,4014,1069,2070,927,2.8202,442900
-122.43,37.77,52,3944,1072,1913,973,2.9567,425000
-122.44,37.77,52,2705,647,1355,628,2.0161,364300
-122.45,37.77,52,2339,548,1090,507,3.3679,350000
-122.45,37.77,52,2296,509,1039,472,4.1417,5e+05
-122.45,37.77,52,2191,627,1100,585,3.0409,5e+05
-122.45,37.77,52,2645,626,1275,553,3.35,492900
-122.43,37.77,52,3563,832,1712,787,3.3702,335700
-122.43,37.77,52,1760,366,742,318,4.445,4e+05
-122.43,37.77,52,2514,729,1428,597,2.3977,412500
-122.43,37.77,52,2416,620,1188,591,2.3887,337500
-122.43,37.77,52,1862,472,872,471,3.2981,222700
-122.45,37.76,52,1457,292,621,315,4.6477,450000
-122.41,37.78,52,1534,763,1520,614,1.4554,375000
-122.41,37.78,52,254,72,153,29,3.8625,350000
-122.4,37.78,32,352,132,313,105,2.5742,350000
-122.41,37.77,52,849,276,582,222,3.4671,250000
-122.39,37.78,5,1405,515,725,392,3.6037,187500
-122.39,37.79,52,94,24,113,27,4.6563,350000
-122.37,37.81,26,5416,1045,4531,962,2.7909,250000
-122.4,37.78,52,464,202,286,148,1.6125,112500
-122.4,37.77,52,144,63,1061,68,4.3958,225000
-122.42,37.77,52,759,323,421,255,2.0548,162500
-122.42,37.77,52,1176,493,1136,436,1.375,312500
-122.42,37.77,52,2185,656,1266,626,2.7794,350000
-122.42,37.77,52,4226,1315,2619,1242,2.5755,325000
-122.42,37.76,52,3587,1030,2259,979,2.5403,250000
-122.43,37.76,52,1582,353,868,329,3.8261,250000
-122.43,37.76,52,2250,566,1051,562,2.8458,350000
-122.44,37.76,52,2959,683,1145,666,4.2222,361600
-122.44,37.75,28,4930,1381,2232,1321,4.3232,316200
-122.44,37.76,50,2589,569,945,544,5.2519,376600
-122.44,37.76,52,1968,472,784,430,3.3702,370000
-122.44,37.76,52,2509,496,855,478,5.0731,405400
-122.43,37.76,52,3708,849,1531,822,3.3565,386400
-122.42,37.76,52,4001,1084,2129,1037,3.5052,391200
-122.42,37.76,52,2088,487,1082,488,2.6803,490000
-122.42,37.76,52,2038,629,2007,596,2.5701,266700
-122.42,37.76,52,1494,610,1630,590,1.65,265000
-122.42,37.76,46,2150,817,2075,807,1.3824,212500
-122.42,37.75,52,1855,611,1715,614,2.1289,250000
-122.42,37.75,52,1207,302,1008,269,3.3816,262500
-122.42,37.75,52,1974,525,935,465,2.7173,3e+05
-122.42,37.75,52,2708,762,1460,741,2.9052,4e+05
-122.42,37.75,52,1564,396,1162,374,3,275000
-122.43,37.75,52,2700,595,1181,575,3.575,396800
-122.43,37.75,52,1970,495,871,474,4.0625,355600
-122.43,37.75,52,2285,509,839,456,4.7946,355600
-122.43,37.75,52,2721,581,1043,519,3.7545,383700
-122.44,37.75,46,1519,291,573,289,4.2667,338800
-122.43,37.75,52,1615,393,633,378,3.5114,347500
-122.42,37.74,52,2713,624,1370,594,4.6547,325700
-122.43,37.74,52,2229,498,1079,472,5.0196,324300
-122.43,37.75,52,2155,468,962,490,3.775,325900
-122.44,37.75,21,5457,1247,2304,1180,4.5469,409700
-122.44,37.74,52,2074,366,909,394,4.8382,294900
-122.43,37.74,52,3328,653,1260,614,4.7437,331000
-122.43,37.74,52,1514,314,724,301,5.3292,300900
-122.43,37.73,52,1142,224,494,206,5.0602,298900
-122.43,37.73,52,1029,205,461,212,5.0782,310800
-122.38,37.76,52,248,68,124,51,1.4886,450000
-122.39,37.76,52,157,28,88,27,3.675,162500
-122.39,37.76,52,2316,468,1047,476,4.5057,321600
-122.4,37.76,52,4265,912,1555,836,4.119,298300
-122.4,37.76,52,1495,311,506,275,4.4375,320000
-122.41,37.76,52,1427,281,620,236,1.9944,262500
-122.41,37.76,52,3452,784,2987,753,2.8135,260300
-122.41,37.76,52,2064,496,1726,466,3.4028,233300
-122.41,37.76,52,492,139,316,168,3.0865,225000
-122.41,37.76,52,351,81,308,75,2.6667,325000
-122.41,37.76,52,2479,515,1816,496,3.0774,3e+05
-122.41,37.75,52,1919,404,1483,421,3.4063,253900
-122.41,37.75,52,1892,415,1442,371,4.2891,230000
-122.41,37.75,52,2452,623,1932,549,2.3903,236100
-122.39,37.74,42,4110,846,2147,674,2.5694,201000
-122.38,37.73,18,4037,990,2722,834,1.4282,140400
-122.38,37.73,15,6804,1664,4737,1581,1.4133,203400
-122.39,37.74,45,1462,308,924,302,2.1767,185300
-122.39,37.73,52,1931,329,1025,293,2.9063,192000
-122.39,37.73,52,1070,224,567,207,2.8603,189000
-122.4,37.73,48,1489,326,1115,356,2.6364,199300
-122.39,37.72,28,1609,340,1064,290,1.1125,206300
-122.39,37.72,45,2893,570,1923,535,3.6607,192300
-122.39,37.72,52,135,34,93,26,2.1484,181300
-122.41,37.75,52,2515,576,1209,540,3.5912,284900
-122.41,37.74,48,409,86,148,70,3.6687,335000
-122.41,37.74,52,831,175,415,159,1.9464,249000
-122.42,37.74,52,1916,432,889,424,4.0391,279900
-122.42,37.74,52,1271,353,1076,324,2.9911,263900
-122.41,37.74,43,1663,330,935,335,4.1552,240900
-122.42,37.73,50,3426,769,2261,671,2.888,246400
-122.42,37.74,52,2084,550,1438,516,2.3087,258600
-122.42,37.73,52,3230,654,1765,611,3.3333,292300
-122.43,37.73,52,1386,276,729,274,3.6694,275500
-122.43,37.72,48,1289,280,782,235,3.6719,259800
-122.44,37.73,52,866,205,587,171,5.0224,261900
-122.42,37.73,46,1819,411,1534,406,4.0132,229400
-122.42,37.73,35,1791,322,988,304,4.5769,254500
-122.41,37.73,52,1931,358,1092,356,3.7835,271300
-122.4,37.72,47,1465,306,1119,315,4.2672,219400
-122.41,37.73,33,2789,567,1682,552,3.8643,276200
-122.43,37.72,52,2206,478,1583,456,3.7105,250500
-122.44,37.72,52,2890,571,1769,541,3.8274,252000
-122.43,37.72,52,3351,719,2101,706,3.0107,242000
-122.43,37.73,52,3602,738,2270,647,3.8934,251800
-122.44,37.72,49,1557,405,1173,385,3.4605,265000
-122.45,37.72,52,1729,319,890,300,4.3036,261800
-122.46,37.71,52,1580,337,1425,330,4.0547,246200
-122.46,37.71,47,1527,283,1102,282,4,231600
-122.43,37.71,52,1410,286,879,282,3.1908,255600
-122.44,37.72,52,1507,282,929,281,3.8958,247700
-122.44,37.71,52,2711,591,1848,524,3.9567,251500
-122.4,37.72,40,1948,413,1434,396,3.0313,219100
-122.41,37.71,47,2289,481,1697,465,3.4773,226300
-122.41,37.71,28,5015,1240,3900,1029,1.2269,181900
-122.41,37.71,40,2054,433,1738,429,4.9926,213900
-122.41,37.71,49,1852,429,1615,447,3.495,217800
-122.45,37.77,52,2602,714,1330,647,3.5435,278600
-122.46,37.77,52,1824,388,799,363,3.75,435700
-122.46,37.76,52,1817,449,948,380,3.93,390000
-122.45,37.76,31,5283,1330,2659,1269,3.5744,5e+05
-122.46,37.76,28,1072,165,363,168,6.1636,367700
-122.46,37.75,26,2192,438,954,456,4.5352,374200
-122.47,37.76,52,2941,783,1545,726,2.9899,406500
-122.47,37.76,52,2680,740,1587,713,2.5933,359600
-122.47,37.76,49,2842,670,1396,648,3.2679,345700
-122.47,37.76,52,2465,489,1170,498,4.0793,306700
-122.47,37.76,48,2064,484,1055,467,2.8711,329600
-122.47,37.76,40,3525,941,1675,857,3.2083,330000
-122.47,37.76,52,4001,809,1886,756,3.3239,350000
-122.47,37.76,39,3200,689,1391,618,3.6346,338000
-122.47,37.75,46,3238,544,1293,470,6.1592,381700
-122.47,37.74,52,1538,305,819,319,4.0846,333600
-122.45,37.75,36,2303,381,862,371,6.0274,349000
-122.45,37.75,36,1997,356,772,348,4.95,322600
-122.45,37.75,35,1363,302,1786,301,3.0804,313400
-122.46,37.75,52,1849,287,695,258,6.5372,394000
-122.46,37.74,51,1905,291,707,284,6.2561,431000
-122.45,37.74,46,6429,1093,2535,1109,5.0887,335100
-122.44,37.73,43,3700,684,1488,623,5.5622,313600
-122.47,37.74,52,3688,640,1605,567,4.9537,365600
-122.46,37.73,52,3547,506,1276,491,8.0069,426800
-122.47,37.73,52,2134,277,936,285,5.9245,484600
-122.47,37.72,46,1836,319,767,302,5.9114,399000
-122.46,37.73,52,2857,469,1431,496,5.2088,344200
-122.44,37.73,52,2838,567,1411,526,3.8304,261400
-122.45,37.73,52,2035,424,1193,430,5.0634,264200
-122.45,37.72,47,1773,345,1083,315,4.475,221200
-122.45,37.72,51,2690,554,1795,539,3.6581,225000
-122.46,37.72,47,1723,389,1216,399,3.3208,238600
-122.46,37.72,49,1207,255,658,220,4.0859,228600
-122.46,37.72,48,1690,339,962,317,3.2875,221500
-122.47,37.72,43,968,199,434,162,2.5333,239300
-122.47,37.72,46,1453,306,817,310,3,246700
-122.47,37.72,49,1690,307,770,294,4.5913,259700
-122.46,37.71,52,1642,351,1138,340,4.1406,219500
-122.46,37.72,37,1833,388,1093,363,3.0703,211800
-122.48,37.76,48,2304,558,1273,512,3.275,332100
-122.48,37.76,52,3260,653,1594,632,4.4094,336100
-122.49,37.76,52,2245,425,1091,409,3.5909,331200
-122.49,37.76,49,1637,304,729,281,4.3281,323100
-122.48,37.75,51,2095,410,1126,429,4.4,318400
-122.48,37.75,52,2515,494,1583,477,4.3393,317600
-122.48,37.74,52,2453,508,1056,453,3.6859,311800
-122.48,37.75,48,2555,548,1285,482,3.7734,314700
-122.48,37.75,52,2074,401,1136,409,4.7703,331000
-122.49,37.75,48,2181,419,1041,379,3.7361,320200
-122.49,37.75,52,2226,385,1177,416,4.8516,323800
-122.48,37.74,52,2285,435,1211,442,4.0208,323100
-122.48,37.74,52,2841,517,1372,517,3.9236,335000
-122.49,37.74,48,1186,213,487,207,3.8333,340800
-122.49,37.74,52,2302,457,1154,424,4.5744,315200
-122.48,37.73,47,2382,392,867,376,5.2598,371500
-122.49,37.73,39,1937,336,742,307,5.1991,369400
-122.48,37.73,38,3195,828,2410,778,3.1359,350000
-122.48,37.72,45,1405,338,733,342,4.1116,187500
-122.5,37.76,52,2018,422,1142,463,3.7083,307700
-122.5,37.76,50,1993,410,1009,374,3.9464,295600
-122.5,37.76,48,1408,295,891,269,3.8333,296300
-122.51,37.76,43,2345,624,1439,614,2.8448,268900
-122.51,37.76,43,2527,619,1332,558,3.0465,274200
-122.51,37.76,40,2320,562,1499,521,3.2792,260800
-122.54,37.76,45,1592,325,920,322,3.96,272200
-122.5,37.74,45,1771,349,1098,342,3.7552,296600
-122.5,37.75,46,2298,457,1429,477,4.0217,272400
-122.5,37.74,42,1667,395,1041,387,3.9583,273700
-122.47,37.78,51,1485,386,880,385,2.7431,307100
-122.47,37.78,52,1941,436,955,425,4.1339,396400
-122.48,37.78,48,2835,728,1674,684,3.129,375000
-122.48,37.78,44,3371,794,1738,753,3.1653,335300
-122.49,37.78,32,3028,815,1704,718,3.2028,322900
-122.46,37.78,52,4140,984,2030,892,3.4236,376800
-122.47,37.77,52,2241,443,1042,377,4.1635,398400
-122.47,37.78,52,2042,378,1153,408,4.1856,404700
-122.48,37.78,52,2666,515,1362,494,4.218,393800
-122.48,37.77,52,2556,595,1202,568,3.8899,348500
-122.49,37.78,47,2695,643,1505,644,3.0877,329100
-122.49,37.78,52,3440,722,1663,665,3.0278,356300
-122.5,37.77,52,2433,454,1070,420,4.125,359500
-122.49,37.78,42,2723,579,1419,519,3.6429,328400
-122.54,37.72,17,2975,968,1453,828,3.527,318900
-122.42,37.72,42,4219,1125,3549,993,1.2387,212800
-121.28,37.95,49,1200,364,1448,318,1.1094,52500
-121.28,37.95,46,1026,330,1109,333,1.2904,63300
-121.29,37.96,52,888,324,630,258,1.2411,112500
-121.29,37.95,16,761,306,438,282,0.7714,87500
-121.29,37.95,52,107,79,167,53,0.7917,22500
-121.3,37.96,24,1212,366,1202,343,1.7875,76800
-121.29,37.96,50,1669,558,1340,484,1.3191,92300
-121.31,37.96,52,2654,468,1157,494,3.226,107600
-121.28,37.97,47,2348,507,1455,479,1.65,66000
-121.27,37.96,43,1624,448,1805,440,1.425,61300
-121.27,37.95,52,1318,308,1368,310,1.8261,54600
-121.29,37.95,52,288,86,272,54,0.696,42500
-121.3,37.94,40,452,109,412,97,1.3417,60800
-121.32,37.94,36,40,10,64,14,2.625,55000
-121.32,37.96,46,1832,365,975,373,2.0398,88100
-121.32,37.95,36,747,189,338,145,1.7885,62100
-121.34,37.97,33,2493,454,1203,436,3.765,94600
-121.34,37.96,23,2830,659,1554,654,3.0354,113700
-121.36,37.96,32,614,95,227,107,3.9922,247400
-121.35,37.96,21,1343,183,462,193,5.8995,189900
-121.33,37.98,36,3113,576,1746,544,3.4625,84600
-121.33,37.97,43,1511,292,721,320,3.5703,87400
-121.33,37.97,36,1953,492,999,371,2.0043,90800
-121.31,37.98,47,3386,663,1228,619,3.0625,141500
-121.3,37.97,52,2980,537,1128,510,4.061,113600
-121.31,37.97,42,1824,277,720,309,5.1915,183700
-121.3,37.98,47,2373,461,990,444,4.175,98300
-121.29,37.99,41,930,191,463,185,3.4141,90600
-121.3,37.99,38,2375,494,1167,471,2.6673,87500
-121.28,37.99,42,495,116,284,97,2.8854,55700
-121.26,37.98,32,3274,820,2050,738,2.1265,55700
-121.27,37.98,43,2608,516,1322,528,2.5714,70000
-121.27,37.98,43,1005,200,492,172,2.6812,72800
-121.26,37.98,41,1633,433,885,413,0.9782,54200
-121.25,37.98,39,1765,414,1056,414,1.5329,48300
-121.25,37.97,34,1288,344,846,293,1.7895,63100
-121.26,37.96,43,940,208,690,181,2.3056,62300
-121.26,37.96,35,1511,316,892,304,1.7898,63500
-121.26,37.96,40,535,105,335,102,2.5234,62800
-121.24,37.96,29,874,217,788,222,1.9187,57700
-121.25,37.94,30,1509,308,967,278,1.7798,65900
-121.25,37.94,28,964,232,782,218,2.3269,55900
-121.25,37.93,31,1673,382,1734,400,2.0833,48300
-121.28,37.94,35,2680,634,2188,611,1.9375,56700
-121.28,37.92,36,499,115,451,124,2.1705,60300
-121.28,37.94,40,2806,685,2268,635,1.8814,57700
-121.29,37.93,37,2488,578,1854,514,2.551,59100
-121.28,37.93,23,1491,346,1223,343,2.1591,67800
-121.28,37.92,30,1061,230,851,195,2.4412,61600
-121.28,37.91,31,820,179,576,155,1.69,65900
-121.31,37.93,21,1556,314,1140,304,2.4667,81400
-121.3,37.92,28,3308,766,3201,720,1.7694,73900
-121.24,37.98,33,450,123,236,103,1.1964,80400
-121.24,37.97,47,886,196,517,188,2.1991,67200
-121.23,37.96,44,2204,473,1277,435,1.5539,59200
-121.23,37.95,36,811,168,514,152,2.625,89200
-121.22,37.96,30,1737,381,1177,347,1.9875,56400
-121.23,37.92,28,590,129,315,99,1.8958,85700
-121.36,38,17,4535,762,1562,743,5.3224,225800
-121.35,38,6,1649,369,732,350,3.4231,123800
-121.37,38.01,15,2430,315,1016,314,10.0088,242000
-121.35,38.01,15,2682,599,1520,601,3.5982,94400
-121.36,38.01,16,926,230,451,198,4.0221,173300
-121.36,38.01,16,1080,166,507,182,4.5278,166900
-121.33,38.01,27,1612,234,630,255,5.318,155100
-121.34,38,32,3877,687,1642,647,4.0444,129200
-121.33,38.01,36,1383,207,531,203,5.9191,151900
-121.32,38.01,36,391,74,171,79,2.7045,102800
-121.32,38,21,1795,482,1114,472,2.0091,101500
-121.33,38,14,3731,772,1679,750,3.1369,119600
-121.31,37.99,15,3103,965,3061,861,1.3729,110300
-121.33,37.98,10,1564,397,643,347,2.7031,150000
-121.33,38.02,33,2854,489,1109,452,4.3008,136400
-121.33,38.02,37,1964,315,915,335,4.3008,119800
-121.34,38.03,20,4213,751,2071,714,4.4063,130800
-121.33,38.03,19,1708,291,906,288,4.918,130600
-121.36,38.04,4,2477,359,1234,377,5.5427,162100
-121.35,38.04,12,6217,1019,3771,961,3.7206,146000
-121.33,38.04,15,1933,280,965,260,4.6477,142700
-121.33,38.03,10,629,140,635,146,2.2961,126700
-121.32,38.03,16,4045,623,1862,625,4.875,143100
-121.33,38.04,10,1421,204,657,209,5.1878,153900
-121.35,38.03,8,1904,255,895,242,5.7201,155700
-121.35,38.03,16,3158,515,1596,528,4.1739,131300
-121.36,38.03,14,2356,438,1378,481,3.7375,138800
-121.36,38.02,5,2229,543,1010,474,4.1719,206100
-121.36,38.03,7,3461,859,1518,741,3.5684,78700
-121.31,38.03,24,3050,568,1743,549,3.7413,105300
-121.31,37.99,23,3135,707,1650,680,1.886,105300
-121.3,38,23,3706,1106,3785,1019,1.7774,1e+05
-121.3,38,27,2918,580,1338,544,2.6495,116200
-121.31,38,19,908,158,306,154,3.9792,131900
-121.32,38.02,23,3251,689,1890,668,3.0729,104800
-121.31,38.01,22,2101,514,1304,511,2.8348,101600
-121.3,38.03,10,1409,248,782,222,4.0227,107700
-121.29,38.03,16,4356,881,1629,818,2.2672,91100
-121.28,38.03,11,3585,729,2769,715,3.0907,94100
-121.29,38.03,7,2021,441,1615,406,2.5842,111300
-121.28,38.03,11,826,150,684,166,3.9265,107400
-121.29,38.02,12,2006,426,1849,396,2.5437,99000
-121.29,38.01,2,6403,1116,3327,957,4.4871,137900
-121.3,38.05,52,122,26,62,25,1.15,112500
-121.25,38.05,25,1967,362,1035,361,3.5735,106800
-121.25,38.01,16,2397,501,1053,557,2.6994,112500
-121.22,38.04,42,343,50,116,49,5.5376,212500
-121.22,38,35,1841,300,783,285,2.8167,162100
-121.24,38.01,22,1526,299,790,300,2.4342,125000
-121.25,38,21,446,73,182,57,2.8958,135000
-121.26,37.99,27,429,102,179,90,2.3333,87500
-121.24,38,25,1471,300,721,304,2.4688,126800
-121.23,37.98,27,849,137,373,131,5.0362,181300
-121.2,37.97,39,440,83,270,97,6.0582,157700
-121.19,38.04,35,703,117,290,107,3.225,177100
-121.16,38.03,28,253,50,201,51,1.4732,156300
-121.18,37.99,31,2450,559,1459,478,2.4674,130900
-121.17,37.97,28,1374,248,769,229,3.6389,130400
-121.22,37.95,30,1055,211,629,170,2.8676,76900
-121.18,37.96,35,411,74,193,59,2.5625,146900
-121.24,37.9,16,50,10,20,6,2.625,137500
-121.26,37.88,42,465,93,256,93,3.1719,158300
-121.27,37.87,34,1010,206,678,234,2.9531,104000
-121.31,37.9,38,226,44,125,38,2.9,125000
-121.29,37.89,26,161,27,1542,30,5.7485,162500
-121.29,37.87,29,488,108,308,115,2.6563,103100
-121.49,37.94,31,1860,394,1848,293,2.2891,162500
-121.38,37.88,44,1158,226,1094,224,2.6842,156300
-121.42,38.22,35,1507,313,868,283,2.0284,96300
-121.35,38.09,32,1706,292,923,284,5.5057,147200
-121.32,38.15,5,5428,994,2725,902,3.9323,130100
-121.29,38.07,21,1185,207,533,213,3.1917,204500
-121.29,38.14,34,1500,337,674,282,2.515,110800
-121.29,38.13,31,1008,212,453,195,2.3917,113500
-121.29,38.15,23,4183,633,1886,628,4.8787,175300
-121.27,38.14,33,3557,894,2659,894,2.2883,86900
-121.27,38.14,40,929,257,576,229,2.125,137500
-121.28,38.14,38,2803,500,1223,509,4.119,128800
-121.28,38.13,48,1892,333,804,352,4.0625,143200
-121.27,38.13,52,1081,257,437,225,2.1979,114100
-121.27,38.13,40,2402,509,1197,486,2.1771,98200
-121.27,38.12,44,2356,482,1043,443,2.4949,108000
-121.3,38.13,26,2256,360,937,372,5.0528,153700
-121.3,38.12,11,1792,252,767,263,7.6889,229300
-121.3,38.11,5,5979,1190,2679,1084,4.196,171700
-121.28,38.11,10,2974,588,1559,568,3.8825,136800
-121.27,38.11,15,2039,384,1178,375,3.8672,120100
-121.28,38.1,13,2432,586,1441,606,2.5556,133100
-121.26,38.13,38,1419,411,1226,397,2.2188,68800
-121.26,38.12,27,1818,459,1182,428,1.8575,73800
-121.26,38.11,4,2058,366,933,316,4.2448,150900
-121.26,38.11,8,2770,642,1611,633,3.1284,115100
-121.27,38.13,35,2607,685,2016,618,1.75,82900
-121.26,38.13,25,2549,675,2053,648,2.0875,83100
-121.24,38.22,28,2593,487,1365,457,3.3929,113000
-121.22,38.16,24,4411,776,2038,732,3.475,151200
-121.28,38.17,19,1337,236,744,225,4.0924,244200
-121.14,38.16,14,2591,497,1371,479,3.5774,113900
-121.15,38.21,18,4176,700,2164,699,4.0365,174200
-121.09,38.19,23,762,140,358,141,2.4545,105000
-120.97,38,27,1683,288,873,258,4.7069,176900
-121.05,37.93,17,2474,480,1649,453,3.275,156500
-121.11,38.04,32,1083,188,471,178,2.9241,187500
-121.09,38.03,21,2064,342,1021,359,4.517,152200
-121.12,38,36,683,159,505,141,3.4265,158900
-120.99,37.8,32,2564,513,1198,459,2.9083,113400
-120.98,37.79,20,2458,491,1227,481,2.7857,110900
-120.97,37.84,28,2368,430,1231,403,2.883,141900
-121.04,37.78,32,2916,528,1466,473,2.5643,2e+05
-121.06,37.86,24,1713,328,1258,324,2.683,169400
-121.13,37.74,31,677,144,523,159,2.4598,97100
-121.13,37.74,21,2376,475,1175,441,3.6016,134600
-121.13,37.73,40,1126,220,667,235,3.3158,125900
-121.11,37.74,11,3886,599,1605,529,4.4213,182700
-121.16,37.73,7,4956,941,3006,915,3.4426,139000
-121.22,37.81,17,2879,542,1802,530,3.6378,126100
-121.21,37.8,31,699,186,460,170,2.7443,94200
-121.21,37.8,44,300,72,160,73,2.1786,120800
-121.21,37.8,45,370,84,167,70,1.4853,101800
-121.21,37.79,33,811,185,446,198,1.6724,96900
-121.21,37.8,33,1862,429,971,389,2.6053,99200
-121.21,37.81,8,1883,298,999,301,5.193,172100
-121.2,37.8,24,1698,344,927,313,3.5625,130800
-121.2,37.79,36,866,160,502,149,2.4798,101500
-121.2,37.8,37,311,61,171,54,4.0972,101800
-121.17,37.82,35,2506,406,1316,398,3.8472,197600
-121.2,37.81,26,395,74,193,72,7.3718,212500
-121.18,37.79,16,1326,286,509,297,1.9464,112500
-121.2,37.78,4,58,29,79,29,3.375,106300
-121.24,37.79,7,5151,867,2553,805,4.075,195000
-121.22,37.8,13,335,89,247,77,1.6111,74100
-121.22,37.79,5,3107,477,1549,443,4.4766,169400
-121.23,37.81,15,2906,537,1886,557,4.2431,137100
-121.22,37.81,20,1811,352,1191,327,4.0125,121500
-121.22,37.82,13,4452,949,2740,937,3.1964,141500
-121.23,37.81,16,2085,342,1236,345,5.5591,149300
-121.24,37.82,9,6169,959,3378,945,5.1047,157900
-121.31,37.81,36,284,53,130,47,3.1429,179200
-121.29,37.8,6,110,26,69,24,3.7292,475000
-121.27,37.82,26,1170,238,830,216,2.6458,127500
-121.28,37.83,32,696,151,443,144,2.5156,86300
-121.37,37.77,19,2610,474,1290,452,4.1298,222800
-121.48,37.77,19,2364,373,1264,390,5.0176,274200
-121.52,37.75,18,1544,272,825,286,4.3229,327300
-121.46,37.73,20,2039,373,862,330,5.1629,222900
-121.45,37.72,2,2239,321,766,219,5.75,240200
-121.42,37.71,7,8297,1433,4189,1271,4.3696,170700
-121.42,37.74,45,818,144,340,138,4.8021,133500
-121.42,37.74,38,773,147,320,134,2.825,152500
-121.42,37.75,33,1329,266,683,233,4.3687,128700
-121.43,37.74,52,876,170,426,179,3.0865,119800
-121.43,37.76,7,2125,508,1358,464,3.6312,147600
-121.44,37.76,5,7264,1285,3670,1146,5.0443,194800
-121.45,37.75,15,3846,677,2360,635,4.6173,164800
-121.44,37.74,33,1875,363,970,381,3.5096,141700
-121.44,37.75,29,918,159,417,166,4.2768,151300
-121.44,37.75,16,2229,458,1199,445,3.4821,170600
-121.44,37.74,25,456,116,370,106,3.1319,112500
-121.42,37.73,2,2682,393,883,271,5.9934,196700
-121.29,37.72,22,1630,404,4402,358,1.9792,63000
-121.47,37.58,14,1594,292,887,287,4.6625,294000
-120.93,35.76,11,8997,1698,1825,756,3.23,154300
-120.7,35.76,15,1914,425,1130,421,2.2165,90600
-120.69,35.62,43,3044,652,1456,608,2.4567,140000
-120.67,35.62,6,12779,2441,6085,2157,3.8661,168100
-120.63,35.59,9,5782,1184,3026,1130,2.6528,113500
-120.64,35.65,9,3466,673,2356,619,2.9926,158200
-120.29,35.56,15,4760,871,2459,734,2.811,142100
-121.11,35.52,9,6044,1222,2239,972,3.24,264600
-121.14,35.55,13,5383,1070,1880,796,3.8019,271200
-120.85,35.38,27,3493,909,1481,666,2.3075,184200
-120.86,35.4,21,2787,641,1106,501,2.7043,186200
-120.87,35.41,16,2168,444,782,374,3.0187,278100
-120.84,35.35,27,2863,711,930,533,2.6205,221100
-120.84,35.37,34,3279,714,1397,646,2.5552,2e+05
-120.84,35.33,15,3276,670,1520,613,3.6412,207800
-120.82,35.32,12,3522,683,1780,662,3.3958,215800
-120.9,35.33,16,1576,287,595,262,3.588,266300
-120.84,35.32,17,4197,802,1656,732,3.526,183900
-120.82,35.31,16,3924,699,1325,638,2.5172,293900
-121.1,35.6,20,3389,704,1309,520,3.2112,204500
-120.65,35.32,20,626,212,3574,261,1.0298,3e+05
-120.65,35.29,29,1785,481,1344,472,1.4492,222900
-120.65,35.28,32,896,240,548,231,2.5455,165900
-120.65,35.27,27,2034,341,768,316,4.2411,258900
-120.66,35.28,31,2773,844,1358,794,1.4036,209600
-120.65,35.27,52,2254,642,1237,590,2.6208,227100
-120.66,35.27,46,2217,544,1107,527,2.8009,192600
-120.66,35.27,33,1664,455,1077,461,1.6875,174200
-120.66,35.26,15,5540,1319,2383,1165,2.2656,226200
-120.69,35.28,26,4225,886,1795,704,2.2847,247000
-120.69,35.26,20,1248,231,722,225,4.625,221800
-120.71,35.27,9,2568,421,1149,398,5.4287,331600
-120.69,35.25,15,4210,899,1933,867,2.794,262500
-120.7,35.32,46,118,17,6532,13,4.2639,350000
-120.81,35.19,14,3414,802,1236,632,3.7635,336200
-120.64,35.15,7,7922,1442,2863,1197,4.849,275000
-120.59,35.13,8,6638,1054,2710,966,4.6776,295500
-120.57,35.11,18,2920,556,1068,552,3.5242,156800
-120.59,35.11,25,3642,726,1729,673,3.155,205400
-120.6,35.11,17,2495,524,1292,501,2.2625,153000
-120.59,35.11,20,3098,571,1449,611,3.5744,197800
-120.65,35.12,19,2949,662,1425,548,2.9615,178100
-120.66,35.1,19,1583,392,704,269,2.1042,268300
-120.6,35.1,16,3290,686,1497,655,2.6875,178200
-120.58,35,37,523,119,374,95,1.4726,106300
-120.56,35.07,14,6788,1216,2866,1036,3.3603,280200
-120.43,35.17,16,947,163,477,137,3.851,315000
-120.68,35.51,17,1701,298,941,293,4.3218,209100
-120.68,35.5,19,3369,673,1834,646,3.7672,173800
-120.66,35.5,19,1861,364,1040,363,3.3125,163900
-120.64,35.46,6,5876,1406,2877,1304,2.5437,146400
-120.69,35.49,16,2666,450,1203,429,4.1375,222400
-120.68,35.48,15,2608,525,1351,502,2.7798,205800
-120.66,35.47,18,2474,449,1269,431,3.9063,184800
-120.7,35.55,10,3979,761,1834,671,3.5,172100
-120.76,35.52,7,9613,1666,4487,1653,3.6667,250600
-120.71,35.5,12,3098,453,1433,434,5.2508,292900
-119.93,35.2,29,1649,342,671,264,3.0602,69800
-120.49,35.35,17,3043,608,1457,545,3.1641,158600
-120.64,35.47,8,416,121,936,97,2.1154,117200
-122.4,37.68,36,3595,815,1649,755,3.3816,253400
-122.4,37.68,41,2267,486,1045,459,4.1146,272200
-122.41,37.7,23,1817,400,1376,382,2.4113,214200
-122.42,37.71,44,2080,489,1781,478,3.6827,215300
-122.43,37.71,24,4299,857,2249,788,4.6098,290400
-122.46,37.7,37,3029,738,2436,700,3.3214,243200
-122.47,37.7,45,3290,693,2466,666,3.6588,238600
-122.47,37.7,44,2034,423,1491,373,4.5341,236500
-122.47,37.71,37,1046,251,822,239,3.5,224400
-122.46,37.71,39,2076,482,1738,445,3.1958,232100
-122.48,37.7,33,4167,1398,2923,1314,3.049,307000
-122.48,37.7,33,4492,1583,3477,1537,3.0546,297900
-122.48,37.71,39,3615,632,1571,615,5.1149,314200
-122.48,37.71,29,1048,150,455,152,6.1278,417600
-122.54,37.7,36,3988,732,1793,708,4.2472,292500
-122.49,37.67,35,5275,903,2892,842,4.6771,266400
-122.48,37.69,33,2347,512,1259,481,3.4492,264300
-122.49,37.69,35,2576,443,1273,433,4.7391,272800
-122.47,37.7,47,737,126,370,136,3.775,281300
-122.48,37.69,42,2993,512,1594,546,4.4821,252400
-122.48,37.69,43,2661,455,1384,456,4.2421,257500
-122.46,37.69,26,4302,1125,3320,1100,3.4375,277700
-122.47,37.69,35,1720,421,1452,425,3.5909,256100
-122.48,37.67,15,2897,728,2340,720,3.3906,303700
-122.48,37.67,31,2609,433,1746,464,5.1054,294500
-122.45,37.69,17,2359,501,884,504,3.0625,87500
-122.47,37.67,20,5689,992,3752,1002,5.5845,304300
-122.46,37.66,15,6082,1284,3861,1198,5.4221,284700
-122.45,37.66,35,2738,509,1545,493,5.3446,263300
-122.44,37.65,38,5277,1008,2695,997,3.9722,276200
-122.44,37.66,21,5108,1510,3288,1405,3.1927,252600
-122.42,37.67,42,2274,429,1255,397,5.1205,226300
-122.41,37.66,37,2155,446,1255,428,3.8438,250700
-122.42,37.66,41,2189,414,1063,409,4.7361,302600
-122.42,37.66,28,3520,672,1746,602,4.9236,273500
-122.42,37.66,36,725,121,335,140,4.125,327600
-122.41,37.66,32,1385,356,1096,353,4.475,246700
-122.41,37.66,34,1075,318,906,294,3.0052,242500
-122.41,37.66,44,431,195,682,212,3.2833,233300
-122.41,37.65,32,3436,868,2583,817,3.5039,232400
-122.43,37.66,43,1769,387,1102,377,4.5493,281500
-122.42,37.65,39,4402,894,2941,887,3.8565,239800
-122.43,37.64,34,8400,1812,4101,1717,4.1033,301000
-122.43,37.64,42,4091,757,1861,771,4.207,272700
-122.45,37.64,19,6326,1025,3444,984,6.2498,353300
-122.46,37.64,17,3523,669,2150,666,4.5938,251200
-122.53,37.66,25,7778,1493,4674,1451,5.4694,272400
-122.53,37.65,20,4582,1124,2325,1040,4.0556,275000
-122.48,37.65,39,3348,666,1817,668,4.2593,227400
-122.49,37.63,34,696,145,398,162,3.525,254100
-122.53,37.63,27,2589,658,1386,608,2.9087,228200
-122.47,37.61,34,4551,837,2208,834,5.4364,279300
-122.54,37.62,35,1481,277,747,254,4.4286,262100
-122.49,37.59,35,2683,475,1498,484,5.1282,262500
-122.55,37.59,31,1331,245,598,225,4.1827,345500
-122.49,37.6,33,3507,669,1697,660,4.0795,270600
-122.46,37.59,21,12902,2118,6160,2082,5.7653,325800
-122.45,37.62,26,3507,512,1712,509,6.7206,344600
-122.45,37.63,28,4946,848,2683,824,5.748,302100
-122.44,37.63,35,5113,959,3004,964,4.7625,281300
-122.43,37.63,34,4135,687,2154,742,4.9732,342300
-122.43,37.61,21,10252,2595,4790,2428,4.1692,344500
-122.42,37.61,37,1866,300,822,305,4.7,341300
-122.42,37.62,39,1355,214,682,246,6.3443,324700
-122.42,37.61,17,1040,432,669,405,4.1513,137500
-122.42,37.63,46,1811,337,796,333,3.43,292900
-122.42,37.62,36,1538,256,671,247,4.4091,317900
-122.41,37.62,39,3119,758,1807,696,3.2216,242700
-122.42,37.64,41,98,20,68,19,2.225,212500
-122.41,37.64,38,1204,268,921,247,4.4464,215400
-122.39,37.6,36,1770,499,1225,459,2.56,273100
-122.41,37.61,43,1934,303,847,300,4.7381,347400
-122.41,37.59,34,3931,622,1717,621,6.2946,450000
-122.4,37.6,30,5351,1134,2558,1074,3.5817,369300
-122.37,37.59,39,4645,1196,2156,1113,3.4412,353800
-122.38,37.59,49,1657,266,613,270,5.7837,378100
-122.37,37.58,52,2188,361,917,357,4.4,5e+05
-122.33,37.58,40,2362,468,992,425,4.7917,359900
-122.34,37.58,50,2784,743,1622,698,3.8413,372200
-122.35,37.58,26,854,246,396,231,2.8393,375000
-122.34,37.57,39,2647,616,1254,555,4.2407,433800
-122.31,37.6,34,3225,726,1958,656,3.6811,273000
-122.32,37.57,42,2574,614,2377,588,3.2891,237900
-122.32,37.57,52,499,148,318,145,2.9934,256300
-122.33,37.57,20,2126,643,1112,597,3.625,283300
-122.31,37.56,52,2351,494,1126,482,3.9688,356900
-122.31,37.55,52,900,183,371,166,3.25,296400
-122.32,37.55,46,1437,266,607,263,4.8068,369700
-122.32,37.55,44,2151,411,849,370,4.4583,397100
-122.32,37.54,34,3661,692,1608,656,5.0774,407200
-122.34,37.53,27,3339,481,1354,458,7.3081,464600
-122.33,37.53,18,4493,760,1784,725,6.7042,413000
-122.34,37.52,34,3559,560,1747,550,6.6959,411200
-122.33,37.53,25,1729,383,769,352,4.0417,458500
-122.32,37.52,17,6645,1034,2557,1032,6.3892,480800
-122.3,37.53,37,1338,215,535,221,5.4351,376600
-122.3,37.53,38,984,171,429,157,5.3261,376800
-122.3,37.53,43,1748,366,984,371,4.5116,337800
-122.31,37.53,41,1608,269,676,267,4.6125,361700
-122.32,37.53,39,2795,464,1183,443,5.779,387100
-122.31,37.54,49,1340,281,660,284,4.163,393800
-122.31,37.55,45,507,140,305,139,2.6159,272900
-122.31,37.56,45,1792,301,829,318,4.9013,330100
-122.31,37.56,40,1351,330,701,297,3.32,292900
-122.3,37.57,36,1973,352,1169,370,5.033,270900
-122.29,37.56,34,1693,281,846,291,5.3683,339400
-122.3,37.56,36,1379,228,750,227,5.5381,282000
-122.29,37.56,36,805,140,445,139,5.8221,289400
-122.26,37.55,17,4576,814,1941,807,5.9572,443800
-122.27,37.55,16,4789,816,1840,763,6.7474,338200
-122.27,37.56,5,4921,1179,1810,1073,5.6936,322200
-122.26,37.54,13,1422,295,395,195,5.3247,327800
-122.27,37.54,5,2140,420,990,394,6.035,438800
-122.26,37.57,23,7995,1254,3484,1198,6.5948,404000
-122.25,37.56,19,7976,1406,3437,1338,5.6396,430300
-122.29,37.55,27,3789,874,2243,866,4.39,270100
-122.28,37.54,24,5114,1357,3169,1268,3.9699,293200
-122.29,37.54,43,2268,438,1151,449,4.9091,293200
-122.29,37.54,39,1459,285,761,291,5.0081,298100
-122.29,37.54,41,1743,349,811,349,4.9464,282400
-122.28,37.53,34,1980,385,970,391,5.1207,310900
-122.27,37.53,43,1145,230,586,254,3.5,267400
-122.29,37.52,38,3767,603,1455,615,6.8787,386800
-122.31,37.52,24,2328,335,969,354,7.7364,435800
-122.32,37.52,26,4042,591,1611,578,8.4693,419200
-122.31,37.5,22,14034,3020,6266,2952,4.3939,491200
-122.27,37.52,35,1051,259,517,234,3.7,339700
-122.26,37.52,34,483,131,291,157,3.0833,256300
-122.25,37.51,45,989,174,504,180,4.8382,289400
-122.26,37.5,24,2307,510,842,507,3.6111,341500
-122.25,37.49,43,2607,477,1225,461,4.224,349600
-122.25,37.49,40,2709,521,1156,510,4.6366,395500
-122.25,37.49,44,4420,743,1790,735,6.142,394700
-122.26,37.5,44,6983,1131,2818,1115,5.6271,374800
-122.28,37.5,33,6499,998,2694,957,7.4787,431300
-122.26,37.48,34,4453,682,1805,672,5.6038,451300
-122.24,37.47,41,1183,203,455,171,5.1071,314100
-122.25,37.48,37,3507,569,1663,608,5.0863,440300
-122.25,37.47,38,645,124,265,103,5.4688,305000
-122.25,37.47,35,3183,515,1313,487,5.9062,383200
-122.24,37.48,45,4126,696,1722,668,4.8966,362100
-122.24,37.48,40,4459,1027,2080,982,3.5322,361900
-122.24,37.48,47,2423,407,1010,407,6.2154,362700
-122.24,37.49,30,2956,590,1191,594,3.7463,427600
-122.23,37.49,11,840,329,1338,345,2.3333,241700
-122.21,37.49,24,2528,947,2437,861,2.2746,225000
-122.22,37.48,47,2570,783,3107,724,2.8058,229500
-122.25,37.53,16,4428,664,1677,623,7.6864,422500
-122.26,37.53,4,5233,1109,1690,907,6.2007,311800
-122.25,37.52,14,1472,291,876,292,4.3594,366000
-122.21,37.52,18,2962,945,1639,851,2.7399,87500
-122.19,37.48,35,7067,1646,5380,1597,4.1776,265300
-122.2,37.48,32,640,166,991,160,1.9844,270000
-122.2,37.48,41,733,155,652,140,5.1654,233600
-122.19,37.48,38,1300,269,608,292,4.5568,286900
-122.19,37.47,44,1371,263,589,301,4.8068,312300
-122.2,37.47,44,1927,332,846,362,4.2083,278200
-122.2,37.47,37,1053,266,939,267,3.1989,320800
-122.21,37.47,26,1777,555,1966,497,3.0472,211000
-122.22,37.47,28,5956,1612,3571,1549,3.1864,272800
-122.23,37.48,33,3108,805,1895,717,3.3015,267700
-122.23,37.47,39,5264,1259,3057,1265,3.623,276600
-122.23,37.46,33,2643,464,1015,427,4.2232,363700
-122.23,37.46,26,4670,1039,2103,933,4.4167,333800
-122.22,37.46,37,2586,495,1208,502,4.3214,342700
-122.23,37.45,34,4177,723,1586,660,5.0457,395100
-122.22,37.46,13,2888,546,1182,504,6.0255,409300
-122.17,37.48,39,2427,401,1178,408,5.9629,352700
-122.16,37.48,36,2238,479,1949,457,2.3769,157300
-122.13,37.47,25,1630,353,1546,371,5.0893,173400
-122.13,37.46,35,1321,300,1133,287,3.7312,159600
-122.14,37.47,37,3373,815,2909,705,2.8868,156600
-122.15,37.47,37,1844,382,1634,417,2.7993,145500
-122.15,37.46,30,4198,1244,2678,1147,3.6712,308600
-122.15,37.46,42,1995,412,794,374,5.6234,379600
-122.16,37.46,45,2068,348,844,366,6.227,417800
-122.18,37.45,43,2061,437,817,385,4.4688,460200
-122.19,37.45,18,1636,414,853,439,5.1032,464600
-122.2,37.43,40,2223,412,1050,417,5.2421,444500
-122.19,37.43,39,2392,420,937,406,6.6136,472800
-122.22,37.37,26,440,202,322,218,5.1831,350000
-122.46,37.51,23,949,151,399,149,5.6286,411300
-122.47,37.51,15,4974,764,2222,774,6.7606,364300
-122.51,37.53,17,1574,262,672,241,7.2929,355800
-122.38,37.34,33,1054,209,400,161,7.7773,456300
-122.27,37.32,37,2607,534,1346,507,5.3951,277700
-122.38,37.18,52,1746,315,941,220,3.3047,286100
-119.75,34.44,28,1080,298,524,251,1.8432,327300
-119.76,34.44,28,1985,582,1092,548,2.4701,290900
-119.72,34.43,33,1028,377,753,356,2.3454,243800
-119.7,34.43,37,1462,306,678,322,5.1545,418400
-119.71,34.43,48,2408,536,1005,497,3.5213,458600
-119.72,34.47,34,3262,533,1265,502,5.8411,381800
-119.71,34.45,35,2183,363,988,351,5.5922,384400
-119.71,34.44,41,2220,367,927,355,5.3184,376000
-119.72,34.44,43,1781,342,663,358,4.7,293800
-119.72,34.44,39,1489,304,700,268,3.8819,289900
-119.73,34.44,48,2114,390,973,367,4.8021,351100
-119.73,34.45,44,2261,328,763,294,6.7449,415600
-119.74,34.44,27,1251,282,503,283,2.8,353000
-119.74,34.45,29,2526,388,1092,409,6.0597,383100
-119.69,34.43,43,1257,311,671,263,2.875,280600
-119.69,34.43,30,1273,343,1082,325,2.5104,228100
-119.68,34.43,49,1785,386,1267,380,3.5208,251200
-119.67,34.38,28,1814,526,849,420,3.1625,364300
-119.68,34.42,38,1452,354,1139,340,2.707,236800
-119.67,34.43,39,1467,381,1404,374,2.3681,241400
-119.67,34.42,37,1673,444,1477,446,2.0643,246700
-119.67,34.42,23,1333,393,1369,381,2.5947,232600
-119.7,34.42,52,329,109,291,102,1.4722,350000
-119.7,34.42,41,725,239,582,214,3.1667,362500
-119.71,34.42,52,1838,692,851,576,1.4851,237500
-119.71,34.42,50,840,279,488,270,2.2097,258300
-119.7,34.42,43,1802,557,1490,538,2.675,247900
-119.72,34.42,37,1635,427,1027,408,3.5905,264700
-119.72,34.42,31,1524,383,1257,398,2.6019,250000
-119.72,34.42,49,1610,370,961,351,2.6983,260100
-119.72,34.42,52,1759,387,980,402,4.0125,261000
-119.71,34.42,23,2068,658,1898,570,2.5506,230800
-119.71,34.41,31,1034,319,997,308,2.6538,231800
-119.73,34.35,20,1648,319,905,307,4.375,335200
-119.71,34.36,34,1706,276,628,243,4.1842,364000
-119.71,34.4,27,3782,771,1742,751,4.0451,395100
-119.71,34.41,18,1225,317,694,306,3.6823,255000
-119.7,34.41,19,2086,575,1701,530,2.8042,236100
-119.69,34.38,39,1383,459,677,362,2.25,281300
-119.75,34.43,23,2982,837,1317,787,3.3776,283200
-119.73,34.43,27,1448,404,978,338,2.303,261000
-119.74,34.41,30,2365,417,1053,409,5.5959,346200
-119.74,34.38,32,1479,287,830,288,5.345,322600
-119.52,34.41,20,4489,800,2867,765,4.806,279700
-119.51,34.4,15,1112,256,411,245,2.0625,314300
-119.52,34.39,23,1414,365,889,345,2.6397,250000
-119.51,34.39,32,1921,394,951,334,3.233,346000
-119.57,34.38,22,2512,426,919,341,5.759,425000
-119.59,34.39,35,622,170,278,139,3.6969,335000
-119.72,34.77,35,2469,553,1168,427,2.4583,62100
-120.2,34.63,14,2647,515,1487,488,4.4519,227900
-120.2,34.61,15,2958,690,1348,617,3.8582,215200
-120.13,34.63,11,2137,339,916,338,5.5221,394900
-120.12,34.6,10,2426,426,966,419,5.5106,290900
-120.14,34.59,9,2536,499,832,385,2.5743,309800
-120.11,34.66,18,1348,238,631,247,5.3154,289400
-120.08,34.64,18,2375,429,1048,369,4.2222,375000
-120.09,34.62,18,2708,382,988,359,5.5194,367000
-120.11,34.62,16,2943,394,959,359,6.2094,440000
-120.09,34.61,11,586,125,317,74,2.8906,84400
-120.45,34.91,16,712,147,355,162,2.56,150000
-120.48,34.9,20,3842,630,2490,662,3.0559,120100
-120.45,34.86,23,3415,778,1492,633,2.2791,114800
-120.4,34.86,11,1633,348,504,327,2.0508,275000
-120.43,34.86,17,1932,347,874,312,3.8203,141500
-120.37,34.9,17,2649,386,1057,362,4.7813,326800
-120.33,34.87,24,2590,404,1093,338,3.9375,341200
-120.43,34.9,27,2019,354,1029,346,3.5391,144700
-120.43,34.89,30,1979,342,999,320,5.0286,158000
-120.43,34.89,28,2862,478,1384,463,4.6694,158200
-120.43,34.88,22,2580,381,1149,372,5.0113,158600
-120.42,34.87,18,2505,376,1162,382,4.8359,195700
-120.43,34.87,21,2131,329,1094,353,4.6648,193000
-120.43,34.87,26,1699,272,799,266,3.9871,157700
-120.41,34.88,4,3680,559,1678,569,5.0639,201700
-120.4,34.87,10,2197,329,1064,319,4.9766,199600
-120.43,34.95,50,1966,413,985,403,2.3506,136100
-120.43,34.95,43,2020,344,692,310,3.6815,181800
-120.42,34.94,32,2844,551,1337,516,2.7188,133700
-120.43,34.93,10,2980,585,1593,562,3.285,218300
-120.43,34.98,21,2725,514,1466,488,3.6639,128600
-120.43,34.97,28,1433,270,1001,278,4.0125,130100
-120.43,34.96,24,2739,414,1171,413,4.8155,162900
-120.42,34.96,19,2298,511,1246,513,2.212,132000
-120.43,34.96,19,2350,631,1291,515,1.0349,130800
-120.42,34.97,18,1932,350,1071,346,4.125,139800
-120.38,34.96,9,2813,492,1144,490,4.0431,226800
-120.41,34.96,9,2712,428,1116,415,4.5536,190100
-120.4,34.95,8,1885,286,835,290,5.0206,261000
-120.44,34.97,22,1619,360,1509,384,1.7941,110300
-120.44,34.97,26,1705,344,1605,307,3.7589,113700
-120.45,34.97,25,1920,380,1434,388,3.0368,129300
-120.45,34.97,10,1897,354,1353,357,3.7679,131300
-120.44,34.96,29,2374,562,1617,463,2.6531,108300
-120.44,34.96,30,1685,315,1290,368,3.4722,112500
-120.44,34.96,39,1228,379,851,341,1.899,113300
-120.44,34.96,34,1248,284,986,272,2.9167,104200
-120.45,34.96,26,1949,396,1575,377,2.875,121400
-120.45,34.95,32,1574,447,1772,463,1.8625,90200
-120.45,34.95,10,2207,644,2232,543,2.375,98500
-120.45,34.95,7,1479,532,1057,459,2.2538,162500
-120.45,34.94,26,1058,232,891,243,3.6422,120600
-120.45,34.94,24,1702,447,1240,417,2.4091,115500
-120.57,34.96,27,1401,294,1306,286,2.5809,83200
-120.59,34.7,29,17738,3114,12427,2826,2.7377,28300
-120.46,34.64,11,562,164,504,147,2.0161,118800
-120.46,34.64,26,2364,604,1520,529,1.9444,129400
-120.46,34.64,16,686,217,614,200,0.8106,83300
-120.44,34.64,8,787,126,446,133,4.6023,163400
-120.45,34.64,40,1051,235,574,201,2.0865,111500
-120.45,34.65,27,2215,578,1544,527,1.9257,135300
-120.45,34.65,21,1182,243,733,251,3.1442,131600
-120.46,34.64,37,1697,334,740,272,2.3804,148000
-120.44,34.66,22,3231,549,1739,581,4.5417,142400
-120.45,34.66,7,3329,504,1462,452,4.7875,198300
-120.46,34.66,5,2904,702,1302,618,3.0081,135200
-120.48,34.66,4,1897,331,915,336,4.1563,172600
-120.47,34.63,23,2441,463,1392,434,3.7917,142200
-120.46,34.74,15,2185,386,827,336,5.3765,223100
-120.47,34.7,24,2387,385,1051,382,4.4595,152700
-120.43,34.7,26,2353,389,1420,389,3.87,125800
-120.44,34.68,6,2187,277,697,273,6.2685,307400
-119.86,34.42,23,1450,642,1258,607,1.179,225000
-119.88,34.4,25,2741,623,2272,624,2.2647,216700
-119.88,34.43,14,2472,685,1292,621,3.3026,229500
-119.88,34.43,16,1734,365,962,391,4.4777,282500
-119.91,34.4,24,2001,365,1170,330,6.0992,268800
-119.84,34.45,26,4424,616,1839,601,6.3654,331200
-119.81,34.47,26,4382,618,1728,587,7.4734,432200
-119.81,34.46,22,3488,452,1479,458,7.1687,384400
-119.85,34.48,23,1915,277,724,267,6.2987,348200
-119.89,34.44,25,2786,470,1669,462,5.5184,268300
-119.92,34.44,17,2143,324,1073,330,6.0321,402600
-119.81,34.45,24,3678,567,1554,570,6.5173,334000
-119.81,34.44,14,961,305,662,286,3.2115,206300
-119.77,34.43,22,2552,443,1066,424,5.1271,342500
-119.8,34.44,27,2674,419,1176,416,5.0294,280200
-119.79,34.44,25,1479,314,977,309,4.1797,271800
-121.89,37.35,44,1668,380,1143,365,3.2083,181900
-121.9,37.36,47,1007,245,581,240,2.9545,237500
-121.9,37.34,50,1345,287,791,254,3.5966,245800
-121.92,37.34,52,2584,491,1087,433,4.4,391300
-121.92,37.33,52,2962,557,1215,506,4.7768,301100
-121.93,37.33,44,2142,358,846,375,5.4273,421000
-121.91,37.34,35,2189,607,1193,562,2.8042,240900
-121.91,37.33,28,454,147,366,140,2.9853,187500
-121.91,37.33,52,2562,410,973,398,4.8854,330600
-121.92,37.33,52,2125,382,930,387,5.2831,299500
-121.9,37.33,34,197,44,152,47,4.05,2e+05
-121.89,37.33,49,658,318,467,316,0.7068,2e+05
-121.9,37.33,52,1009,231,929,210,2.5,162500
-121.89,37.33,6,1495,552,1087,557,2.8798,225000
-121.88,37.33,36,1904,689,3561,632,2.0972,187500
-121.89,37.34,46,1197,416,898,370,2.1714,190600
-121.89,37.34,20,1106,494,851,448,0.8894,350000
-121.89,37.34,43,1423,467,1013,428,1.6708,204200
-121.88,37.34,52,1390,365,921,352,2.1442,188900
-121.88,37.35,49,1728,350,1146,391,3.5781,193000
-121.88,37.35,43,1086,219,715,226,4.2381,193500
-121.87,37.35,37,1566,375,1223,346,3.2793,174500
-121.88,37.35,52,1704,418,1336,411,2.8167,183500
-121.87,37.34,52,1087,166,650,194,6.6345,309000
-121.87,37.34,39,2479,541,1990,506,2.4306,289100
-121.88,37.34,52,867,232,1264,227,2.6312,302900
-121.87,37.35,27,3500,1036,3019,955,2.9222,153700
-121.86,37.34,29,5274,1625,6234,1639,2.5947,177300
-121.88,37.33,41,395,164,549,184,2.375,175000
-121.87,37.33,37,3137,685,2048,651,3.0156,270300
-121.89,37.32,34,1014,246,952,215,2.8864,172500
-121.88,37.32,30,1242,338,1438,325,2.6607,169300
-121.88,37.32,40,1331,374,1276,389,2.7546,172500
-121.89,37.32,41,977,265,865,253,3.2317,184800
-121.91,37.32,42,1067,256,608,280,3.0096,180800
-121.93,37.32,52,1460,492,1165,455,2.5833,167500
-121.94,37.33,37,818,269,576,261,2.1902,250000
-121.93,37.32,51,2711,728,1607,724,3,184700
-121.92,37.32,31,1902,554,1485,494,2.4207,165600
-121.93,37.32,50,1135,215,500,207,4.2614,211300
-121.94,37.31,5,2364,578,1102,502,5.2642,246400
-121.94,37.31,30,1680,312,858,310,4.0474,280500
-121.93,37.31,26,2182,704,1638,704,2.8981,229800
-121.93,37.3,16,2111,485,1285,499,5.0477,292500
-121.93,37.31,29,1377,430,969,399,2.6573,252800
-121.92,37.31,13,6035,1551,2946,1481,4.0524,213900
-121.93,37.3,14,6277,1742,3025,1630,4.0653,234200
-121.92,37.3,35,1335,296,635,296,3.6053,345800
-121.91,37.3,43,828,151,446,145,4.4375,327600
-121.91,37.3,31,2095,427,829,405,3.6563,344700
-121.88,37.31,28,3085,552,1277,512,4.5795,262800
-121.89,37.3,47,1604,284,639,278,5.8415,283300
-121.89,37.3,52,2071,362,825,364,4.2414,284800
-121.89,37.31,47,2986,627,1399,613,3.7455,247400
-121.9,37.3,52,1575,284,629,284,5.6437,312000
-121.88,37.3,42,1867,398,927,389,4.325,247000
-121.89,37.3,47,2355,426,961,428,5.3955,282300
-121.89,37.3,46,2639,448,938,424,5.0662,331600
-121.9,37.29,26,1797,244,626,244,7.8575,424600
-121.9,37.29,36,1389,225,623,223,6.6331,283300
-121.92,37.29,34,943,135,378,139,5.1765,344600
-121.91,37.29,18,3597,664,1321,593,5.3077,351400
-121.94,37.28,18,4356,1334,1968,1245,3.6294,240000
-121.94,37.28,27,2859,464,1144,430,5.0822,327500
-121.93,37.27,30,2862,544,1387,542,5.1104,278100
-121.94,37.27,23,1932,552,997,482,3.662,211900
-121.92,37.25,36,3874,656,1826,639,4.9662,258500
-121.92,37.28,27,3028,486,1284,498,4.5833,308800
-121.93,37.27,28,3428,753,1753,729,4.1033,281000
-121.92,37.28,26,6201,783,2381,819,7.9819,397000
-121.92,37.27,29,5536,862,2651,881,5.6358,282100
-121.91,37.27,30,4412,862,2168,772,5.0062,232000
-121.9,37.25,28,2714,502,1389,490,5.7385,240400
-121.9,37.27,28,4538,685,1996,667,5.4609,263600
-121.91,37.26,32,3983,876,1989,794,3.5625,255200
-121.89,37.26,26,1864,331,956,325,5.5,231700
-121.88,37.26,13,1676,471,710,406,3.8936,225900
-121.89,37.25,21,2080,352,1040,325,5.2887,264500
-121.89,37.29,36,2959,529,1125,520,4.2614,268800
-121.89,37.28,35,2418,375,988,374,6.0936,365400
-121.89,37.28,32,4308,717,2002,695,4.1645,281900
-121.88,37.27,27,2019,335,1020,351,5.8178,267400
-121.88,37.27,24,4567,688,2102,695,5.6895,289000
-121.89,37.27,28,1481,256,688,221,5.2088,240900
-121.87,37.32,36,1471,360,1182,326,2.7031,175800
-121.87,37.31,6,3797,984,2437,904,3.6802,152400
-121.87,37.3,14,360,124,134,84,2.7411,112500
-121.85,37.33,19,2228,559,2845,551,2.6,172800
-121.84,37.32,14,5762,1538,3979,1389,3.6953,192600
-121.85,37.33,19,735,158,597,134,4.5208,188100
-121.87,37.28,21,3305,749,2459,701,3.9688,249600
-121.86,37.29,14,6160,1222,2472,1204,4.1444,178400
-121.85,37.3,19,6275,1546,4312,1466,2.7768,178600
-121.84,37.29,24,3403,656,2829,612,4.775,191900
-121.84,37.28,18,2749,633,1779,561,3.925,166100
-121.83,37.31,19,11181,1895,7817,1853,5.6058,232700
-121.81,37.29,15,5957,1037,3838,997,6.2907,253100
-121.82,37.28,33,2873,489,1946,475,5.0709,176400
-121.83,37.29,10,1828,453,1356,409,4.5943,123500
-121.83,37.29,20,1649,408,1729,362,3.3833,115200
-121.83,37.28,33,1115,250,1168,261,3.9009,178600
-121.83,37.28,19,2644,833,2317,780,3.1042,183100
-121.82,37.28,31,1340,235,1336,270,4.2361,179500
-121.83,37.29,20,2308,461,2223,456,4.2589,191000
-121.82,37.29,16,2085,394,1705,391,5.0225,222800
-121.82,37.31,15,1504,294,1267,291,5.5145,219400
-121.81,37.31,14,2731,578,1109,551,3.1382,139700
-121.81,37.32,26,2528,511,2677,512,4.1165,164900
-121.82,37.32,10,2506,623,2634,622,3.135,231400
-121.83,37.32,26,1125,210,943,214,4.825,181000
-121.79,37.34,20,2018,328,1196,323,4.9318,262400
-121.8,37.35,15,2781,498,1389,475,5.614,223300
-121.78,37.34,21,1959,292,891,300,7.375,338400
-121.77,37.33,9,3160,468,1675,470,7.5443,348400
-121.78,37.34,11,3195,410,1774,418,7.0671,378200
-121.79,37.33,13,2978,505,1794,485,6.6813,277800
-121.79,37.33,18,3611,614,2381,642,5.6345,231000
-121.78,37.33,10,2829,394,1510,386,6.68,359500
-121.8,37.32,20,2473,476,2228,501,5.6817,224200
-121.8,37.32,23,1829,346,1277,324,4.8092,217400
-121.8,37.32,14,4412,924,2698,891,4.7027,227600
-121.79,37.32,6,2850,561,2160,581,5.5336,241900
-121.79,37.32,20,3034,451,1669,430,6.2742,241300
-121.81,37.31,15,1794,366,1533,371,5.7843,209900
-121.8,37.31,15,1807,378,1277,341,4.5045,164500
-121.81,37.3,15,1929,345,1683,347,5.5248,235600
-121.8,37.31,21,2630,446,1789,389,5.0543,232000
-121.79,37.31,22,2199,361,1270,386,5.1149,235700
-121.78,37.31,25,2093,297,983,338,6.4664,271500
-121.79,37.3,10,5469,950,3083,906,5.9399,241900
-121.76,37.28,17,660,129,431,123,4.9097,241000
-121.74,37.3,12,1961,280,985,269,6.7159,362700
-121.78,37.31,7,1973,328,1047,303,6.234,292200
-121.77,37.31,16,1649,228,769,230,6.6455,302600
-121.76,37.29,15,2267,348,1150,327,7.1267,277900
-121.74,37.29,6,7292,1295,2468,1262,5.6411,294700
-121.84,37.33,28,1535,330,1937,317,4.1146,160100
-121.82,37.34,23,7609,1446,6034,1414,4.8424,195300
-121.84,37.34,27,2512,526,3033,526,4.25,162900
-121.86,37.35,35,2391,605,1886,595,2.5551,182100
-121.86,37.35,43,1536,371,1256,357,2.8,153300
-121.85,37.34,27,1481,409,1505,391,2.5769,137500
-121.84,37.35,22,2914,768,2962,762,2.2031,164000
-121.86,37.37,15,8162,2124,8793,2086,3.3306,210300
-121.85,37.36,11,2109,592,2744,607,4.0452,205900
-121.84,37.38,34,762,182,611,193,3.5625,201800
-121.85,37.38,12,12980,2568,8190,2515,5.2415,286500
-121.84,37.39,31,5524,914,2848,879,5.5592,229900
-121.83,37.38,15,4430,992,3278,1018,4.5533,209900
-121.84,37.38,33,835,181,781,169,5.1082,195800
-121.83,37.38,31,3633,843,2677,797,3.2222,184800
-121.83,37.37,43,1461,284,800,258,3.2279,182400
-121.84,37.37,42,1237,232,900,241,3.8571,187500
-121.83,37.36,22,3936,860,3508,877,4.2312,183800
-121.83,37.35,31,2914,715,3547,645,3.7143,178600
-121.81,37.37,26,2987,539,1931,518,5.1099,213100
-121.82,37.36,33,1624,337,1412,323,4.0385,167600
-121.82,37.37,42,2913,577,1873,580,3.7214,167900
-121.81,37.39,34,2218,286,827,299,7.4559,456500
-121.82,37.39,37,4137,636,1569,578,6.1008,286200
-121.82,37.38,32,1650,246,768,263,6.8462,320900
-121.79,37.38,22,3650,527,1637,520,5.3774,325600
-121.81,37.36,20,3189,420,1234,389,7.5813,374100
-121.87,37.39,9,2522,547,1591,481,4.9091,259700
-121.87,37.39,16,2655,487,1862,448,6.057,246800
-121.86,37.4,19,4043,764,2196,708,6.1504,268400
-121.86,37.39,17,1777,328,1235,329,5.4225,258100
-121.81,37.41,25,2496,351,1034,367,7.0544,320700
-121.83,37.4,27,1145,150,492,160,5.716,348300
-121.9,37.37,20,78,72,120,69,1.0938,187500
-121.88,37.37,14,6016,1404,3258,1316,3.5745,333700
-121.87,37.38,14,3851,534,2052,478,7.0735,335600
-121.89,37.39,2,1136,365,535,257,4.375,425000
-121.89,37.38,3,4778,1047,2522,990,5.7695,271400
-121.88,37.37,3,4430,841,2559,801,6.0959,272700
-121.86,37.4,16,2391,369,1419,373,5.8721,267800
-121.86,37.4,21,1386,260,946,257,6.5226,258500
-121.86,37.41,16,2938,589,1718,568,5.5073,178900
-121.86,37.41,16,1489,262,945,263,7.3861,267000
-121.86,37.41,16,2411,420,1671,442,6.5004,263600
-121.9,37.44,9,957,139,532,142,8.6675,441000
-121.87,37.43,22,3805,596,2118,621,6.2892,254200
-121.87,37.42,19,12128,2112,6810,2040,6.4419,264500
-121.88,37.41,23,3224,652,2183,655,4.3807,226900
-121.88,37.44,17,1621,299,1028,293,5.2722,186900
-121.88,37.44,23,1310,267,910,261,5.3994,237900
-121.91,37.46,26,2762,496,1716,459,5.6062,226800
-121.9,37.45,18,4900,814,2984,758,6.6176,276200
-121.92,37.45,10,3937,1054,2032,1002,3.2617,252200
-121.91,37.44,24,1212,251,799,242,5.0808,212500
-122.07,37.44,21,4599,986,2756,943,2.9817,225000
-121.97,37.44,17,127,28,219,22,4.5179,112500
-121.99,37.39,25,3495,834,2484,797,4.8145,230700
-122.01,37.4,14,4841,1130,813,517,3.7614,137500
-122,37.4,17,5121,1017,1470,968,2.9706,81300
-122.01,37.4,24,1297,297,441,282,3.1439,47500
-121.96,37.39,20,1032,229,658,238,4.5062,219300
-121.95,37.39,24,5230,934,3795,970,5.4228,264100
-121.91,37.36,42,3224,708,1940,674,3.2153,199700
-121.95,37.36,25,3472,956,2267,944,2.7727,235600
-121.93,37.34,48,2068,495,946,452,3.0375,218500
-121.98,37.36,32,1199,229,814,238,4.6719,252100
-121.98,37.37,35,995,202,615,199,5.0942,217500
-121.99,37.37,27,1797,538,1610,531,4.2422,237500
-121.97,37.36,34,884,153,534,154,6.0116,271200
-121.97,37.35,35,1880,370,926,321,4.2273,269900
-121.96,37.36,33,2581,623,1598,628,3.5199,261400
-121.98,37.36,35,1293,223,701,216,7.8543,281900
-121.98,37.36,35,1440,267,743,259,5.0866,254600
-121.99,37.36,33,2677,644,1469,633,3.2048,261800
-121.99,37.36,33,2545,467,1287,458,5.5,282200
-121.98,37.35,41,1150,249,729,260,3.5491,261100
-121.99,37.35,18,1712,509,972,467,4.3971,238900
-121.98,37.34,33,3570,776,1922,761,4.9562,238700
-121.98,37.34,18,6649,1712,3604,1651,4.5368,307400
-121.99,37.34,26,3637,933,2249,905,3.9625,262900
-121.96,37.35,37,1755,325,699,321,3.925,251300
-121.97,37.34,33,3162,722,1553,686,3.6682,266100
-121.96,37.35,32,1484,274,673,272,5.2019,279900
-121.94,37.35,18,1922,561,1096,545,2.3713,244000
-121.95,37.35,42,1421,330,659,303,3.3333,237900
-121.95,37.35,52,2382,523,1096,492,4.2656,236100
-121.94,37.34,41,2151,473,1092,469,3.7321,250000
-121.94,37.33,36,1893,359,797,360,3.6818,257600
-121.94,37.33,37,1822,329,845,348,4.75,251100
-121.94,37.34,36,3142,632,1372,560,5.0175,246100
-121.95,37.33,31,1866,465,821,447,2.3547,275900
-121.96,37.33,26,3269,788,1427,696,4.2136,288300
-121.96,37.33,35,2294,411,1054,449,4.0667,276900
-121.96,37.34,18,4438,939,1901,895,5.3873,288300
-121.96,37.34,34,1461,299,739,276,3.4375,252600
-121.98,37.33,30,2645,462,1506,480,6.3716,330500
-121.97,37.33,21,8275,1566,3636,1524,5.1506,302100
-121.99,37.33,35,1802,291,841,315,4.8365,313900
-121.98,37.31,28,3840,629,1883,662,6.4095,335900
-122,37.3,28,5096,1011,2588,954,5.357,355200
-121.99,37.31,26,3285,502,1443,530,5.7833,339600
-121.97,37.32,19,4620,1404,2672,1308,3.699,237500
-121.95,37.32,39,1164,199,619,231,4.6304,263200
-121.96,37.31,26,4310,678,1819,686,7.0469,365500
-121.97,37.3,25,5463,1351,2758,1310,3.0079,277300
-121.94,37.29,20,710,188,363,176,4.0962,214100
-121.95,37.27,17,1330,271,408,258,1.7171,181300
-121.95,37.28,52,777,148,362,144,4.0208,262500
-121.95,37.29,30,3734,813,1834,824,3.4505,260000
-121.95,37.28,19,7027,1847,3759,1753,3.1509,242900
-121.98,37.3,30,3404,693,1794,633,4.6312,283200
-121.98,37.29,33,2120,349,907,336,7.5443,283000
-121.98,37.29,31,2750,664,1459,660,3.2287,264900
-121.97,37.28,25,4707,695,1995,642,6.6437,296100
-121.97,37.28,27,2427,403,1301,438,5.0385,277300
-121.98,37.28,28,3688,633,1877,620,5.7251,272600
-121.96,37.3,23,4040,843,2181,843,4.0403,303400
-121.98,37.27,25,3075,564,1633,543,5.2528,269400
-121.98,37.27,29,2658,484,1318,498,5.3561,298900
-121.96,37.28,28,5018,1066,2846,998,4.0174,273900
-121.97,37.26,19,2174,454,998,426,4.6827,255100
-121.95,37.25,30,3298,634,1532,602,5.0863,332000
-121.95,37.24,32,1382,239,705,251,6.0957,405400
-121.96,37.24,26,3032,605,1208,562,5.4683,430900
-121.93,37.25,32,1555,287,779,284,6.0358,260100
-121.94,37.24,35,1484,244,664,238,4.675,245300
-121.91,37.24,30,2327,419,1114,372,4.7279,272000
-121.92,37.24,26,6777,1051,3319,1061,6.3663,279400
-121.94,37.24,26,2561,388,1165,393,7.3522,363800
-121.92,37.24,27,1265,216,660,232,5.3911,281200
-121.91,37.23,22,2614,453,1240,462,6.0712,271800
-121.91,37.23,27,4866,668,1956,659,7.3843,405000
-121.96,37.23,36,4423,632,1719,608,7.8407,476400
-121.96,37.25,19,1858,359,790,347,4.5156,339300
-121.97,37.25,32,2892,496,1193,492,6.131,367800
-121.98,37.26,27,2331,461,1178,447,4.6654,340700
-121.99,37.26,17,4034,611,1158,560,8.2069,442500
-121.97,37.25,21,2775,389,856,350,7.9135,496400
-122,37.28,32,2782,495,1092,455,5.4103,335900
-122.06,37.33,29,1945,269,826,275,8.248,498800
-122.06,37.32,30,3033,540,1440,507,6.2182,380800
-122.06,37.34,13,2057,466,790,436,5.0081,288300
-122.05,37.33,21,2052,346,933,351,5.3167,416300
-122.04,37.33,26,2690,401,1264,429,7.7643,474700
-122.05,37.33,17,3674,824,1364,694,6.3131,436400
-122.04,37.32,27,2826,451,1259,439,5.7528,431400
-122.04,37.31,24,3388,633,1627,585,5.154,355100
-122.04,37.3,25,2366,417,1076,398,6.9238,345900
-122.03,37.31,25,2131,410,1132,395,5.3508,409100
-122.01,37.31,23,6846,1078,2951,1063,6.3702,332000
-122.02,37.32,27,4336,754,2009,734,6.3923,348300
-122.01,37.32,32,3108,613,1577,603,4.6613,284000
-122.02,37.33,25,3823,584,1689,571,7.3693,373600
-122.02,37.34,30,1036,151,467,156,6.448,360600
-122,37.33,30,4033,794,1788,807,5.6932,338700
-122.02,37.35,26,2785,418,1221,422,8.1078,365700
-122.02,37.35,22,3219,756,1479,667,4.1473,354400
-122.02,37.34,28,2488,396,1190,410,5.7881,344700
-122.03,37.34,25,5404,906,2338,883,6.0577,451800
-122.03,37.35,25,3095,514,1251,507,5.5388,352100
-122,37.34,31,3344,620,1604,572,5.2108,351500
-122.05,37.35,34,2494,375,1399,382,7.3753,388100
-122.04,37.34,25,1994,287,704,283,7.7799,447300
-122.04,37.34,23,2590,725,1795,680,3.16,225000
-122.05,37.37,35,1365,256,662,262,5.6533,291400
-122.05,37.36,34,2400,419,1017,384,4.1369,316900
-122.06,37.37,32,2510,578,1160,581,4.9087,322700
-122.04,37.37,23,5135,911,2351,863,5.2319,430100
-122.03,37.36,28,2490,345,948,361,6.4913,411900
-122.04,37.35,20,2016,313,767,310,6.837,383000
-122.05,37.36,29,1733,255,679,278,7.5337,406800
-122.02,37.35,17,2975,608,1465,577,5.8779,362200
-122.02,37.36,21,2471,677,1486,689,3.9038,243800
-122.02,37.36,25,2074,387,1273,383,4.7609,378000
-122.01,37.36,16,1105,354,499,324,4.2061,253600
-122.02,37.36,24,1709,437,892,408,4.9671,335200
-122.01,37.36,25,2796,429,1267,426,6.6329,349000
-122.01,37.36,21,2483,396,1194,424,7.1273,346300
-122,37.36,19,2237,433,1158,426,6.7718,368300
-122.03,37.37,9,2966,770,1430,740,3.0047,256000
-122.04,37.38,38,2850,550,1518,514,4.2028,273600
-122.02,37.37,8,5686,1489,3250,1329,4.2782,327700
-122.01,37.37,25,2213,360,1066,390,7.2165,360900
-122,37.37,16,1434,372,804,361,3.7045,178100
-122.03,37.39,22,3280,933,1842,795,4.4107,232700
-122.01,37.39,36,1976,361,1348,371,5.6447,252600
-122,37.39,36,1236,229,880,247,5.791,239400
-122.02,37.39,35,2297,497,1428,497,4.7431,239700
-122.05,37.38,23,3200,907,2029,866,3.5649,450000
-122.05,37.38,24,2424,501,1367,507,4.072,364200
-122.06,37.38,20,4293,1272,2389,1210,4.2719,270800
-122.05,37.39,25,347,82,148,77,4.4531,350000
-122.06,37.39,22,1236,290,413,274,3.6875,40000
-122.08,37.4,23,806,158,373,156,5.9291,284600
-122.07,37.4,16,3352,813,1440,729,3.7359,262500
-122.07,37.41,26,1184,225,815,218,5.7657,322300
-122.08,37.4,19,3565,858,1639,744,4.1544,277000
-122.1,37.41,33,6277,1274,3025,1211,5.4721,343300
-122.09,37.41,18,1476,473,838,415,3.575,274000
-122.09,37.4,22,1489,436,662,470,3.5179,197200
-122.09,37.4,17,748,184,412,180,3.4375,290600
-122.09,37.42,23,4874,1251,2699,1163,3.8003,229800
-122.11,37.41,27,5110,1599,2764,1482,3.4198,351900
-122.1,37.4,27,3410,1156,2314,1086,3.4868,165600
-122.1,37.4,19,1085,288,1009,305,3.9091,276000
-122.11,37.4,16,1994,489,1173,472,4.1875,266400
-122.11,37.4,15,255,63,138,74,4.6591,175000
-122.08,37.4,52,766,203,448,196,2.5208,316700
-122.09,37.4,24,3983,1126,2645,1072,3.6742,275000
-122.08,37.39,44,1498,430,848,400,2.8438,307100
-122.07,37.39,37,1169,239,589,249,5.0131,330300
-122.07,37.38,26,1272,306,562,284,4.5644,280200
-122.08,37.39,39,2210,483,1023,450,4.5833,342400
-122.09,37.39,36,1035,196,475,205,5.5385,359000
-122.09,37.38,36,2587,416,1055,410,6.1995,407200
-122.08,37.38,36,1199,198,485,199,5.0796,373400
-122.08,37.37,29,1229,192,707,194,7.1108,465000
-122.07,37.37,30,2937,407,1097,407,7.9813,473500
-122.13,37.4,29,6027,1195,2687,1171,5.1335,461200
-122.14,37.41,35,2419,426,949,433,6.4588,437100
-122.11,37.43,35,3584,535,1405,538,7.3023,451300
-122.11,37.43,35,3905,565,1562,553,7.313,463700
-122.11,37.41,35,2712,428,1084,425,7.1382,443800
-122.12,37.42,35,2445,533,1187,519,5.2803,362100
-122.12,37.43,36,3212,553,1455,574,6.46,425500
-122.12,37.44,33,2974,623,1435,588,5.485,406300
-122.13,37.44,42,2390,462,1146,468,6.3111,397400
-122.12,37.44,33,1509,303,748,268,4.875,373400
-122.11,37.44,35,2016,349,1023,376,5.6413,376600
-122.16,37.45,52,1135,219,441,200,7.5418,492000
-122.16,37.44,34,2199,529,1193,532,4.2972,405900
-122.15,37.43,20,11709,3618,7604,3589,1.9045,375000
-122.01,37.18,37,3852,652,1534,567,5.8596,318700
-121.9,37.16,43,1529,311,570,250,5.2366,293300
-121.88,37.24,24,4420,996,2981,975,3.506,226400
-121.9,37.24,24,7521,1364,3970,1318,4.4004,255800
-121.86,37.23,24,4337,670,1936,652,5.8904,271400
-121.85,37.22,21,6203,798,2494,800,7.7201,362700
-121.87,37.22,17,2825,365,1052,345,8.0595,485000
-121.8,37.19,45,1797,303,870,281,4.5417,434500
-121.83,37.2,6,3694,574,1554,527,6.8333,348000
-121.89,37.23,16,3574,466,1503,487,8.1988,355900
-121.89,37.23,20,7754,976,3094,941,8.19,361600
-121.88,37.24,14,7174,950,2782,899,8.3065,394200
-121.87,37.27,16,3298,451,1542,423,6.7064,305600
-121.77,37.23,15,4713,769,2519,778,5.6958,253800
-121.77,37.22,16,1617,306,667,264,4.5221,191100
-121.84,37.25,25,5939,989,3275,954,5.6488,234600
-121.83,37.23,22,5507,841,2785,848,6.0889,245200
-121.84,37.24,24,7991,1286,4017,1213,5.4741,238800
-121.86,37.25,16,6958,1300,2965,1217,4.2885,262400
-121.8,37.27,17,3912,737,2693,746,5.0772,221500
-121.81,37.27,22,2996,695,2169,607,4.3438,209700
-121.85,37.27,17,1957,261,863,269,7.3339,294200
-121.84,37.27,17,2795,482,1904,506,5.0186,250800
-121.83,37.27,8,4454,1058,2595,1027,4.5615,282600
-121.83,37.27,14,2855,380,1420,383,6.6712,311500
-121.82,37.26,10,3030,574,1623,589,5.1356,218700
-121.83,37.26,11,2394,403,1393,409,5.5875,259300
-121.81,37.26,14,3379,683,1465,620,4.0547,236200
-121.81,37.25,12,2070,587,1216,532,4.1926,244500
-121.83,37.26,7,3609,751,1739,682,4.5033,213100
-121.82,37.25,16,2650,600,1969,586,3.9461,194300
-121.83,37.25,17,2332,637,1636,623,3.1932,123400
-121.87,37.26,17,1051,172,446,173,5.6652,234500
-121.85,37.26,16,1982,280,1030,297,6.4339,289200
-121.83,37.26,15,3243,551,1752,551,5.5849,257400
-121.84,37.25,17,2363,473,1369,442,4.8355,141600
-121.87,37.25,4,2498,775,1213,631,3.7844,183900
-121.82,37.25,24,3344,531,1768,541,5.8305,245600
-121.82,37.23,23,4487,584,2024,580,7.5218,291500
-121.81,37.23,24,2413,369,1237,381,6.4328,257200
-121.81,37.23,17,2319,324,1076,338,6.4664,278300
-121.78,37.24,17,2123,341,1067,339,6.0062,262700
-121.78,37.22,18,2127,387,1547,402,5.0958,217100
-121.79,37.23,17,2281,359,1226,394,5.4193,259500
-121.8,37.27,10,3301,593,2190,575,6.223,260700
-121.68,37,19,3754,588,1692,550,6.7644,412600
-121.69,37.14,12,4077,590,1618,540,5.2951,386200
-121.66,37.13,20,4477,924,2656,871,3.8788,226900
-121.66,37.11,19,3785,611,2198,610,5.1514,436700
-121.63,37.1,14,5034,797,2124,790,4.9028,335000
-121.67,37.13,19,3269,483,1383,452,5.6205,300800
-121.56,37.08,17,6725,1051,3439,1027,6.4313,393100
-121.62,37.09,37,1593,303,1030,287,3.9306,260700
-121.58,37.01,44,3192,565,1439,568,4.3693,234000
-121.58,37.01,15,2873,547,1582,567,5.1519,264700
-121.59,36.97,16,865,123,403,130,5.7396,308700
-121.58,37.03,16,3120,685,2383,681,3.5551,198600
-121.57,37.02,17,2889,624,2681,608,2.9417,178000
-121.59,37.19,52,220,32,55,26,15.0001,131300
-121.37,37.06,25,474,92,300,104,3.8062,340900
-122.03,37.18,10,212,38,78,21,6.0622,390000
-121.99,36.99,29,3119,507,1476,487,5.8123,281500
-121.99,36.98,40,1104,224,669,215,4.3409,256300
-122.02,36.99,30,2156,487,1023,458,2.7875,245000
-122.02,36.98,21,1484,394,984,380,2.1734,187500
-122.02,36.98,44,1153,238,657,219,3.2368,212500
-122.04,36.98,35,2155,355,866,335,5.6188,404700
-122.04,36.97,30,2695,424,1098,420,5.3972,362300
-122.06,36.98,15,3385,669,1571,615,4.2254,320900
-122.04,36.98,51,1076,206,495,201,2.9286,258300
-122.04,36.97,52,1901,335,955,301,3.8259,253100
-122.04,36.97,49,792,136,331,137,5.2128,238600
-122.02,36.98,35,1053,263,552,237,2.7125,217500
-122.02,36.98,21,607,155,226,136,1.9063,166700
-122.01,36.97,35,1605,392,743,382,2.5368,240000
-122.01,36.98,27,2820,730,1511,745,2.589,242400
-122,36.97,30,1029,242,753,249,3.1205,240500
-122.03,36.97,51,924,232,488,228,2.1964,234400
-122.03,36.97,52,403,72,200,73,1.6923,262500
-122.04,36.97,40,1193,227,570,204,4.4659,237500
-122.02,36.97,39,2124,661,1365,606,1.6642,281300
-122.02,36.96,52,775,305,1054,305,2.0172,112500
-122.03,36.96,28,1607,421,926,385,2.425,216100
-122.04,36.96,32,1438,306,802,293,4.1964,202000
-122.04,36.96,42,538,107,200,104,2.1667,196400
-122.04,36.95,36,1862,364,1080,364,4.4567,263800
-122.01,36.91,19,691,191,324,167,3.1312,388500
-122.05,36.87,18,2232,440,1091,458,3.8269,276000
-122.04,36.95,27,1987,374,961,343,3.9667,265800
-121.74,36.92,17,2648,589,1193,540,2.4461,151700
-121.75,36.93,24,4026,881,2264,863,3.1327,218100
-121.75,36.92,48,1801,353,1071,361,3.6,194500
-121.75,36.91,52,1211,447,1102,392,1.6875,161400
-121.76,36.91,23,1276,437,1359,376,1.9609,155000
-121.77,36.93,20,2587,547,1534,540,2.4375,190400
-121.77,36.93,24,1943,447,1844,461,3.0192,184300
-121.77,36.93,33,1406,317,1075,301,3.2813,190000
-121.77,36.92,9,4934,1112,3198,977,3.5,194800
-121.78,36.92,19,1515,253,975,266,4.3906,241200
-121.77,36.94,18,1063,341,1033,313,2.0192,171300
-121.79,36.95,34,2152,430,1516,386,3.7863,192200
-121.8,36.94,29,2377,476,1669,499,2.8214,190100
-122.25,37.08,20,1201,282,601,234,2.5556,177500
-122.14,37.08,18,2420,439,1278,416,5.2101,334000
-122.11,37.05,18,3337,549,1449,519,5.1412,315800
-122.13,36.97,27,991,194,543,155,4.7188,350000
-122.07,37.13,26,1127,199,543,199,4.9792,240000
-122.12,37.09,36,1397,289,661,243,4.125,239600
-122.09,37.07,33,3581,734,1780,663,4.3429,214300
-122.08,37.08,35,1541,297,791,277,4.425,204800
-122.16,37.17,35,6422,1380,2755,1064,5.0165,202300
-122.12,37.12,51,2419,485,1078,435,2.7933,206900
-122.18,37.15,17,1457,289,591,235,5.5785,284100
-122.12,37.16,32,1602,317,752,275,5.1664,185100
-122.1,37.19,18,808,136,420,145,7.1831,273300
-122.09,37.21,15,1969,332,822,324,7.8774,394900
-122.04,37.12,30,1427,311,686,251,4.0781,154500
-122.02,37.11,36,2066,401,942,344,5.2417,196400
-122.07,37.08,21,5639,894,2670,871,6.0809,270000
-122.05,37.05,41,2422,502,915,366,4.1679,201300
-122.08,37.03,36,4682,899,2143,832,4.5096,203700
-122.04,37.04,17,4977,994,1987,947,3.8854,312300
-122.03,37.03,21,4650,733,2014,704,5.6233,322000
-122.02,37.09,35,1818,368,682,254,4.8611,240000
-122.01,37.06,19,4113,767,2006,732,5.1121,308100
-121.96,37.1,20,922,155,361,135,6.3617,331500
-121.9,37.1,23,1708,287,670,238,6.4517,356600
-121.96,37.06,16,1321,224,650,206,6.3258,390000
-122,37.06,20,2403,376,1149,369,6.0621,304400
-121.97,37,25,990,166,522,185,4.8269,272900
-121.99,36.99,16,1592,369,1039,351,3.6364,207000
-121.99,36.98,19,5613,1321,3018,1268,3.1914,215600
-121.98,36.97,21,3349,737,1952,718,3.7273,251900
-121.99,36.97,15,3044,786,1306,693,2.1771,213200
-121.99,36.96,42,1275,272,451,200,4.7321,422400
-121.99,36.96,16,875,201,300,157,2.625,377300
-121.97,36.97,24,3665,870,1954,833,2.8036,228500
-121.97,36.98,17,2813,497,1337,477,3.7083,252400
-121.94,36.98,24,3010,562,1360,504,4.2006,290700
-121.94,37,32,2210,426,1082,396,4.1587,315200
-121.96,37,20,3847,727,1725,737,3.3447,305200
-121.96,36.99,23,3209,748,1423,666,2.7375,238000
-121.86,37,16,8638,1392,3706,1251,5.503,351800
-121.91,36.99,23,5675,964,2197,880,4.8693,322300
-121.91,36.98,16,1957,408,865,369,2.6875,233300
-121.92,36.95,29,3457,699,1327,563,3.6597,252300
-121.9,36.93,22,7281,1233,1849,832,5.3276,335500
-121.87,36.95,7,3703,679,1375,608,4.9219,368400
-121.89,36.89,18,2774,492,1283,353,5.368,352000
-121.91,36.85,22,2442,624,1301,290,3.1563,3e+05
-121.79,37,28,2715,451,1154,386,4.8021,290400
-121.83,36.98,19,4431,705,1764,679,4.3321,298600
-121.82,36.95,16,2599,430,1417,445,4.6611,349300
-121.83,37.02,22,1903,350,760,322,2.9559,288400
-121.79,37.03,18,943,213,544,179,3.934,228600
-121.75,36.95,27,1580,303,1066,306,4.7071,202700
-121.73,36.93,29,2931,535,1954,506,3.2917,224700
-122.39,40.58,44,1625,392,944,347,1.5972,68900
-122.38,40.58,34,1262,267,520,259,1.6983,72600
-122.38,40.58,36,1808,384,807,383,1.8375,74800
-122.34,40.57,24,1610,307,748,307,2.6591,82800
-122.38,40.57,43,2251,542,1479,512,1.5676,58200
-122.38,40.56,23,2281,408,1164,420,3.5347,101200
-122.38,40.54,36,1216,240,647,228,2.6944,75300
-122.37,40.54,28,2213,390,1096,378,3.6923,86900
-122.4,40.58,40,3895,929,1782,910,1.3329,78200
-122.41,40.58,35,2072,385,1029,375,2.8512,75600
-122.42,40.59,24,5045,972,2220,979,2.6792,138900
-122.45,40.61,17,785,155,417,136,2.3289,58200
-122.42,40.57,10,7949,1309,3176,1163,4.1099,120100
-122.42,40.6,5,2614,433,1275,411,3.4464,122900
-122.39,40.6,22,2195,489,1021,460,1.4125,66500
-122.38,40.61,14,4773,1133,2101,1072,1.7227,105000
-122.37,40.6,7,5178,1336,2557,1283,2.4079,111400
-122.39,40.64,13,3604,704,1598,670,2.4141,78700
-122.36,40.62,11,3896,886,1902,843,2.2905,94200
-122.34,40.63,10,2183,369,1061,325,3.6853,151600
-122.32,40.58,2,1937,350,756,274,3,114200
-122.3,40.58,19,1043,204,505,183,1.6033,98800
-122.36,40.56,20,3592,868,1865,781,2.0258,64800
-122.37,40.55,26,1435,234,544,232,2.6705,136700
-122.36,40.55,21,2500,466,1428,502,2.6513,113300
-122.46,40.52,13,2085,322,1077,333,5.2149,146500
-122.41,40.53,28,1127,245,538,208,2.037,72000
-122.35,40.56,12,3900,863,2145,864,1.9881,85200
-122.35,40.54,17,2280,453,976,434,2.71,97800
-122.34,40.57,26,2187,472,1339,463,2.0395,67900
-122.33,40.57,16,2777,503,1432,500,2.5592,75900
-122.31,40.55,11,13714,2302,6511,2267,3.5522,100100
-122.34,40.51,16,2247,502,1206,463,1.9946,119200
-122.33,40.52,23,2801,507,1318,454,3.5081,116700
-122.28,40.5,21,2405,476,1197,412,2.6488,83100
-122.42,40.63,23,2248,489,1132,444,1.6429,80400
-122.38,40.69,21,1774,370,875,354,1.7422,61500
-122.36,40.69,32,3611,772,2060,759,1.7427,60600
-122.35,40.68,36,1822,449,930,399,1.3801,56600
-122.23,40.63,16,1141,220,563,200,2.3287,130700
-122.27,40.53,17,2255,416,1171,411,2.875,129800
-122.26,40.58,14,2539,466,1271,438,3.9762,138500
-122.23,40.57,18,1633,243,750,252,5.1585,150800
-122.24,40.51,23,2216,378,1006,338,4.559,116800
-122.29,40.44,30,1270,365,840,324,1.3904,48100
-122.29,40.43,21,2842,640,1658,608,1.9943,59800
-122.31,40.47,26,2723,551,1326,547,2.3594,66000
-122.3,40.45,32,1286,271,694,236,1.6579,68500
-122.25,40.42,17,1429,265,692,245,2.8611,98700
-122.27,40.39,26,1833,422,939,408,1.3571,59000
-122.29,40.39,17,1682,332,887,316,1.8438,76400
-122.33,40.48,26,695,126,319,124,3.2788,101600
-122.33,40.47,30,2502,523,1296,481,2.125,66100
-122.36,40.48,21,2333,514,1308,509,2.0899,74800
-122.56,40.75,20,1182,250,512,210,1.7935,74500
-122.31,40.89,18,754,161,247,107,2.2583,78800
-122.07,40.95,14,2721,627,1356,468,3.0299,73200
-121.89,40.97,26,1183,276,513,206,2.225,52000
-121.83,40.69,14,821,170,477,129,3.15,87500
-122.08,40.64,14,3099,519,1447,494,4.0132,141200
-122.06,40.55,17,3057,577,1497,556,3.5189,101000
-121.67,40.61,8,2411,463,786,297,2.1513,80400
-121.55,40.48,14,2413,524,805,329,2.7857,77400
-121.64,40.9,24,2237,434,834,318,1.7538,90300
-121.67,40.87,31,1581,299,776,287,2.9063,77800
-121.65,40.88,15,2909,549,1537,522,3.0179,61300
-121.63,40.92,23,1922,411,872,350,2.2337,64500
-121.45,41.04,33,2029,378,936,343,2.67,77500
-120.48,39.66,32,1516,289,304,131,1.8839,71000
-120.73,39.63,17,1791,356,432,190,3.8826,92400
-120.24,39.67,52,296,63,143,56,3.625,68600
-121.62,41.78,40,3272,663,1467,553,1.7885,43500
-122.33,41.86,19,3599,695,1572,601,2.234,58600
-122.53,41.81,21,2400,485,1109,443,1.7639,55400
-122.26,41.66,17,1885,350,953,328,2.1607,61400
-122.92,41.7,23,4017,792,1634,619,2.3571,62000
-122.56,41.69,21,2010,360,947,306,2.4107,70100
-122.61,41.74,15,4206,922,1863,869,2.0591,55700
-122.64,41.74,33,2644,459,1113,483,3.3095,81300
-122.64,41.73,50,1525,308,661,285,2.2206,63200
-122.73,41.76,19,2200,414,950,367,2.5357,94200
-122.64,41.63,19,2722,479,1108,430,3.1062,1e+05
-122.56,41.53,29,1729,355,848,328,2.2024,60900
-122.93,41.48,20,4288,789,1800,660,2.723,79600
-123.08,41.26,34,2773,679,1066,424,1.6757,63300
-122.38,41.54,14,4453,797,1817,685,2.7468,81100
-122.49,41.43,19,3689,644,1544,566,3.125,76100
-122.37,41.41,28,1729,419,929,370,1.27,53100
-122.39,41.41,23,910,199,370,169,1.7448,80100
-122.32,41.31,45,1393,294,521,249,1.1915,71900
-122.45,41.28,15,2740,503,1188,445,3.4519,128800
-122.34,41.21,26,178,40,55,25,2.0375,57500
-122.27,41.2,52,4513,985,1926,815,1.5923,56000
-121.76,41.5,31,602,153,112,47,1.0667,34200
-122.09,41.32,52,4019,824,1728,706,2.2462,62900
-122.22,38.12,15,14125,2344,6456,2147,5.1014,179500
-122.21,38.11,31,2766,604,1441,552,3.1768,131000
-122.21,38.1,36,3018,557,1445,556,3.8029,129900
-122.22,38.1,38,931,181,566,207,3.0221,93300
-122.22,38.1,44,2256,451,1057,426,3.1204,110800
-122.22,38.1,44,3013,563,1353,512,3.4559,111900
-122.22,38.09,47,2161,440,966,360,2.2734,88700
-122.22,38.08,37,2811,539,1574,516,3.1053,96700
-122.24,38.07,13,5451,1194,2957,1081,2.6098,162500
-122.26,38.1,30,3317,1058,1794,990,1.1835,133300
-122.25,38.1,52,1780,373,824,317,2.75,109900
-122.25,38.1,52,2315,556,1113,486,2.5042,147900
-122.24,38.1,49,1851,356,849,307,2.9432,103500
-122.24,38.11,42,1743,388,889,341,2.3241,99200
-122.23,38.11,47,3007,524,1152,486,4,141500
-122.24,38.11,52,2111,310,772,323,4.775,148200
-122.24,38.12,39,2967,500,1243,523,4.2902,152400
-122.24,38.12,42,1625,255,578,243,4.0114,166900
-122.25,38.12,47,1339,298,794,286,2.5865,109800
-122.25,38.11,49,2365,504,1131,458,2.6133,103100
-122.25,38.11,52,2846,705,1519,620,2.1976,97900
-122.26,38.11,52,793,216,505,194,1.9667,93800
-122.26,38.11,52,1560,353,670,287,1.7411,98400
-122.26,38.11,52,2573,639,1238,529,2.6708,109700
-122.26,38.12,28,3102,734,1623,639,3.1025,103700
-122.27,38.12,42,5266,1167,3124,1025,2.7375,120000
-122.26,38.15,16,3921,727,2830,680,4.5053,123700
-122.32,38.12,12,5382,928,3928,921,5.3785,150600
-122.25,38.15,24,2917,543,1878,531,3.7014,123600
-122.23,38.15,33,1253,238,753,236,1.756,86400
-122.23,38.14,36,1412,260,792,268,2.3056,90400
-122.15,38.04,14,2804,587,1083,573,2.6466,168500
-122.19,38.07,20,3000,525,1207,491,4.6406,217500
-122.18,38.07,10,4976,849,2089,803,5.3288,201800
-122.17,38.06,16,3515,626,1764,626,4.4397,187100
-122.15,38.06,10,3008,532,1381,522,5.3661,195800
-122.17,38.08,7,18392,2782,8276,2742,6.4232,229200
-122.2,38.1,5,9567,1729,4620,1580,4.4821,210000
-122.19,38.09,8,614,118,278,115,6.3735,166300
-122.14,38.05,27,3794,772,1756,724,3.2891,150600
-122.14,38.07,31,3401,616,1750,602,4.6761,143100
-122.11,38.09,11,673,145,318,137,2.3929,122500
-122.18,38.29,18,1953,265,658,270,8.0113,393000
-122.18,38.23,21,2475,341,812,308,7.2589,320400
-122.07,38.26,15,1173,146,450,154,6.0487,197700
-122.08,38.3,2,6718,858,2012,654,6.8872,305200
-122.04,38.28,12,3861,795,2129,806,3.676,135000
-122.03,38.28,15,5114,833,2418,778,4.4882,144000
-121.98,38.29,4,8778,1291,4010,1188,5.4399,187100
-121.99,38.15,36,263,73,88,42,2.5313,162500
-122.05,38.26,32,1070,199,631,195,2.6827,98900
-122.05,38.25,37,1336,251,680,231,3.815,99000
-122.06,38.25,34,1562,289,898,307,3.3598,107200
-122.06,38.26,36,1248,221,672,222,3.3839,105900
-122.07,38.24,15,7937,1635,4390,1567,3.5464,129800
-122.04,38.26,34,3082,702,1795,703,2.7885,105900
-122.04,38.25,32,1203,287,571,255,3.0938,110400
-122.05,38.26,21,7195,1416,3927,1377,3.0912,126300
-122.04,38.27,16,8517,1910,4508,1837,3.1853,129600
-122.02,38.26,27,3440,787,2085,748,2.5896,104700
-122.03,38.25,35,1940,384,1177,403,3.1389,101100
-122.02,38.27,20,2237,464,1169,425,3.2115,99100
-122.02,38.26,20,3899,763,2198,779,3.2061,120400
-122.02,38.26,8,2894,602,1566,572,3.6335,131600
-122.04,38.24,22,2761,757,2612,641,1.6875,87500
-122.04,38.24,30,2081,456,1005,438,1.9954,92900
-122.01,38.25,11,6550,1149,3570,1123,3.8583,137900
-122.01,38.25,16,1081,181,792,184,4.6779,131300
-122.02,38.25,10,2237,454,1255,429,3.1176,126500
-122,38.25,7,11768,1893,6657,1874,4.9222,142900
-121.98,38.25,4,2487,440,1545,452,4.9103,140400
-121.99,38.27,16,4138,758,1762,723,3.1979,137500
-121.94,38.37,14,1156,216,574,227,3.2396,143800
-121.94,38.36,2,4953,735,1791,562,5.0346,205100
-121.99,38.48,17,1824,348,934,305,4.6719,250000
-122.01,38.44,12,2344,354,1035,321,4.9773,281200
-122,38.41,11,2838,429,1331,426,4.945,298400
-122.07,38.41,17,3053,595,1434,557,3.4741,245800
-121.95,38.43,19,3011,551,1665,535,5.1534,232800
-121.92,38.37,26,2056,413,933,367,2.7051,193800
-121.96,38.34,15,2857,373,1325,359,6.0252,151700
-121.92,38.34,2,7747,1133,3481,1083,6.1112,181000
-121.93,38.31,25,185,32,85,32,4.875,250000
-121.99,38.35,45,1778,339,839,319,2.4659,102900
-122,38.35,38,1918,364,745,348,2.5707,126000
-122,38.35,34,1084,187,561,198,4.2115,118900
-122.01,38.35,18,4486,723,1600,697,3.8651,189700
-122.01,38.36,15,476,67,213,73,7.1053,315200
-121.97,38.35,17,5678,1116,3182,1135,3.7388,122000
-121.96,38.35,20,1415,266,667,250,4.0938,117300
-121.96,38.34,7,3292,698,1911,702,3.89,140300
-121.96,38.36,11,3208,790,1772,694,2.7434,218800
-121.98,38.35,16,1697,267,832,277,4.4375,132600
-121.98,38.34,13,3616,672,2022,652,4.0536,134800
-121.97,38.34,16,2331,450,1074,400,4.0329,126800
-121.98,38.34,18,3876,916,2386,867,2.5938,129500
-121.99,38.34,16,1470,261,748,256,4.0433,132200
-122.01,38.37,16,3996,550,1673,539,5.778,175700
-122.01,38.36,28,1967,315,734,291,4.9583,146200
-122.02,38.38,16,808,137,371,145,6.0767,216400
-122.02,38.37,16,2495,331,1118,338,6.4894,198000
-122.01,38.36,15,1176,166,485,171,5.9441,228200
-121.98,38.39,3,9488,1417,4095,1335,5.1781,191900
-121.98,38.37,21,3027,675,2018,642,2.8438,111500
-122,38.36,34,2735,539,1390,491,2.7262,118800
-122,38.36,34,1502,282,860,297,3.3438,135600
-121.81,38.49,18,4518,827,2230,715,3.9309,178500
-121.81,38.45,24,1951,341,1140,338,3.7061,128500
-121.82,38.46,10,6331,1181,3419,1110,3.7083,154800
-121.85,38.43,2,790,135,235,87,5.0862,166500
-121.83,38.43,24,1307,314,917,291,2.2244,98100
-121.81,38.43,30,1674,297,756,292,3.9286,133100
-121.69,38.16,33,1808,363,824,340,3.2937,96400
-121.73,38.13,40,1266,257,547,247,3.0288,164400
-121.74,38.15,22,1910,326,1001,345,4.8173,115800
-122.42,38.27,25,3282,566,1244,483,4.5313,308400
-122.49,38.22,33,1486,290,781,274,3.5647,251800
-122.47,38.3,15,4885,988,2175,924,3.4031,209500
-122.45,38.28,20,3306,503,1374,460,5.7984,297600
-122.47,38.29,14,3732,846,1277,775,2.5658,208000
-122.45,38.27,25,5024,881,1994,838,4.2237,262300
-122.52,38.27,18,2405,390,872,367,5.2155,248300
-122.53,38.32,22,3577,553,1371,501,5.795,332300
-122.49,38.31,27,3078,597,1411,586,3.25,195500
-122.48,38.3,17,2703,550,1241,515,2.652,171300
-122.49,38.27,8,5092,988,1657,936,3.5625,213200
-122.47,38.34,15,2411,446,1144,407,4.3472,261000
-122.49,38.32,17,3308,720,1587,632,3.2727,176000
-122.48,38.32,31,1701,363,680,324,3.1375,192100
-122.48,38.31,29,2375,560,1124,502,2.3276,166200
-122.48,38.31,19,2398,521,1266,471,2.7727,186800
-122.48,38.32,42,2106,533,1141,445,3.1129,149300
-122.58,38.38,27,3800,728,1587,605,4.7237,306600
-122.5,38.35,25,1566,352,784,362,3.075,165100
-122.54,38.36,40,2725,531,1167,458,3.7969,202800
-122.61,38.24,25,2990,450,1335,434,4.7,190100
-122.61,38.23,18,2042,420,914,400,2.9871,193800
-122.6,38.24,16,1410,209,741,229,4.725,204500
-122.6,38.24,16,2621,416,1247,386,4.8603,198400
-122.63,38.25,20,3460,602,1707,568,3.7115,181900
-122.62,38.24,33,1369,280,758,246,4.0341,156500
-122.62,38.25,33,1453,250,677,237,4.0962,170200
-122.57,38.27,7,6508,1028,2902,1010,5.3707,250500
-122.65,38.27,9,4764,816,2077,755,5.1391,234500
-122.66,38.27,16,1523,308,477,315,2.1696,75000
-122.63,38.24,45,1615,338,823,327,2.5179,145500
-122.63,38.23,45,2264,504,1076,472,3.0139,194100
-122.64,38.23,52,1075,249,519,210,3.0769,230900
-122.63,38.21,22,2933,461,1283,449,6.2034,291100
-122.63,38.23,37,1966,348,875,381,4.0703,223800
-122.64,38.23,52,2156,469,1070,467,3.3011,252300
-122.65,38.23,52,1923,393,910,345,3.45,200600
-122.66,38.2,39,2889,517,1351,489,4.3056,251300
-122.69,38.27,32,2344,434,1066,384,4.0313,285000
-122.67,38.25,32,1333,235,660,206,4.0729,288500
-122.68,38.25,29,1315,240,650,228,3.8269,306000
-122.67,38.24,29,2644,464,1372,450,5.0544,261800
-122.73,38.26,35,3941,645,1668,620,4.385,317700
-122.67,38.31,28,1915,419,930,342,3.7875,292700
-122.73,38.34,44,743,155,434,162,2.5819,209600
-122.71,38.33,13,4011,936,2064,914,3.6953,157600
-122.7,38.31,14,3155,580,1208,501,4.1964,258100
-122.71,38.34,22,1249,335,699,308,2.6033,121600
-122.69,38.34,15,3091,697,1602,682,4.0071,135500
-122.71,38.35,11,2242,699,1203,642,2.3464,104200
-122.7,38.35,14,1555,369,493,335,1.6033,67500
-122.71,38.34,23,2744,588,1493,557,3.1781,162000
-122.69,38.37,8,6322,1001,2969,1043,4.8233,214000
-122.69,38.35,16,1689,254,921,270,4.4444,191800
-122.69,38.36,6,5496,1374,2502,1189,2.4827,177500
-122.7,38.35,16,1328,187,607,197,5.0366,257800
-122.7,38.36,11,5817,878,2538,876,4.221,227100
-122.63,38.34,15,2153,345,979,335,5.1966,325400
-122.68,38.36,8,7520,1336,3833,1287,4.3278,184100
-122.69,38.34,12,3876,782,2146,764,4.0844,165400
-122.67,38.33,4,8072,1606,4323,1475,3.9518,220300
-122.69,38.34,16,1683,341,880,327,3.2857,160200
-122.68,38.4,32,2826,627,1767,628,3.1047,141400
-122.71,38.4,17,1690,464,833,445,1.439,140600
-122.7,38.39,16,4922,1211,2557,1088,2.0915,168100
-122.66,38.44,17,5815,898,2614,887,4.3657,215900
-122.68,38.43,18,2723,529,1150,520,3.5885,191900
-122.65,38.4,21,1059,150,400,154,6.8586,343100
-122.65,38.37,15,1848,280,786,282,5.7204,344100
-122.67,38.43,17,1804,304,750,298,4.5588,196400
-122.67,38.43,17,2007,400,895,403,3.2813,202700
-122.66,38.42,14,5315,1037,2228,950,4.023,208400
-122.58,38.46,15,2936,517,1182,501,3.3981,246900
-122.61,38.42,13,7731,1360,2543,1249,4.6957,259800
-122.58,38.43,10,3597,661,1132,639,3.9375,269200
-122.66,38.46,14,2364,631,1300,625,2.6023,221100
-122.67,38.44,32,3771,741,1786,721,3.2415,172200
-122.69,38.44,35,1356,241,620,216,3.5521,168300
-122.68,38.44,36,1311,259,648,268,3.4545,161200
-122.69,38.45,36,1943,337,711,318,3.9191,183000
-122.72,38.44,52,1059,281,627,273,1.5357,137500
-122.71,38.44,52,988,283,475,242,1.3684,258300
-122.72,38.47,29,1706,415,990,394,1.9932,164800
-122.72,38.46,35,1445,309,795,308,2.9073,157000
-122.71,38.46,42,1574,376,844,369,2.314,169400
-122.71,38.46,41,1974,482,965,458,2.905,159300
-122.71,38.46,36,2175,516,1087,477,3.0444,167200
-122.71,38.45,48,3118,561,1275,530,3.455,222100
-122.68,38.48,15,1575,262,716,259,5.3409,244600
-122.67,38.47,19,1848,428,1130,433,3.0568,190300
-122.7,38.46,29,2891,459,1012,441,5.0415,240200
-122.69,38.46,32,2970,504,1117,512,5,275900
-122.65,38.46,14,2096,420,926,397,4.0647,187800
-122.66,38.47,20,2806,477,1369,460,4.75,190500
-122.69,38.51,18,3364,501,1442,506,6.6854,313000
-122.64,38.48,19,3244,449,1174,454,5.8369,255700
-122.65,38.47,24,2268,330,847,296,3.858,214400
-122.6,38.48,17,1528,264,606,251,6.6004,341500
-122.62,38.54,24,2409,464,1006,403,4.5167,265200
-122.63,38.5,19,2107,332,874,341,5.7819,265600
-122.65,38.48,17,1090,164,473,163,5.5061,231800
-122.76,38.52,6,2073,388,826,375,3.055,224100
-122.75,38.5,16,4196,638,1713,615,5.449,252100
-122.73,38.46,14,4042,1298,2323,1158,2.0651,135400
-122.74,38.47,16,1426,287,525,260,3.0714,161700
-122.74,38.46,9,2268,594,1311,585,2.6607,91500
-122.74,38.48,12,4174,670,1882,647,4.551,178300
-122.75,38.48,4,6487,1112,2958,1131,4.5417,197400
-122.75,38.46,13,4323,1020,2566,728,3.0147,142800
-122.75,38.46,16,2653,606,1693,586,2.6384,146900
-122.76,38.46,14,4742,756,2149,732,4.5152,199200
-122.76,38.46,14,4794,767,2252,768,4.2061,213100
-122.73,38.44,20,2919,508,1711,500,3.875,140300
-122.74,38.43,11,4670,1007,2430,962,3.0341,142300
-122.73,38.43,15,3265,690,1629,629,3.7132,167600
-122.82,38.44,23,1551,236,555,243,4.6792,304700
-122.76,38.44,11,2895,524,1633,534,4.7283,170200
-122.79,38.42,9,4967,885,2581,915,5.038,185600
-122.74,38.42,42,2050,434,1073,416,2.375,141000
-122.73,38.43,29,2677,691,1880,664,2.1864,143200
-122.72,38.42,26,3604,734,2605,704,3.0969,143800
-122.73,38.42,26,1446,296,884,295,4.3523,150000
-122.73,38.37,40,1389,309,841,288,3.1094,183300
-122.75,38.43,36,1599,345,1086,314,2.6667,149100
-122.78,38.41,43,1351,277,1011,297,2.5917,144000
-122.77,38.39,35,2611,475,1293,463,2.75,197500
-122.75,38.41,17,3150,588,1857,610,3.9688,165000
-122.82,38.41,32,701,182,489,168,2.785,169300
-122.84,38.41,19,2191,391,1065,404,4.125,204600
-122.84,38.4,15,3080,617,1446,599,3.6696,194400
-122.78,38.37,21,795,163,414,162,3.7991,175000
-122.82,38.4,40,2406,423,1054,426,3.8846,215900
-122.8,38.39,26,2273,474,1124,420,2.9453,166700
-122.84,38.39,16,1688,292,793,280,4.4357,216900
-122.83,38.39,19,1765,394,868,388,2.462,260300
-122.82,38.39,22,1288,243,593,220,3.625,233700
-122.82,38.39,32,1437,257,752,245,4.7422,240900
-122.82,38.38,27,2565,479,1227,467,4.5132,259900
-122.76,38.35,30,2260,374,958,359,5.0323,222400
-122.87,38.39,34,1138,205,541,180,4.5147,271400
-122.77,38.33,32,2054,324,843,306,4.5875,290700
-122.82,38.33,25,3067,569,1602,550,3.9917,244100
-122.88,38.34,20,3404,628,1641,585,5.0574,276200
-122.85,38.37,16,1762,293,810,297,4.4437,305000
-122.89,38.38,16,2017,369,931,336,5.7664,267500
-122.89,38.42,28,2388,437,1015,381,5.1512,268300
-123.02,38.54,35,2157,487,768,322,3.2315,136900
-122.97,38.5,44,3234,746,1112,470,1.9265,132700
-122.97,38.53,48,3939,860,1257,571,2.1165,98700
-122.94,38.5,46,2280,492,807,366,2.6316,117000
-122.91,38.46,18,2021,353,912,329,4.5,251900
-122.72,38.58,4,7042,1100,2936,1043,5.0555,240800
-122.82,38.55,8,6190,1088,2967,1000,3.8616,195100
-122.81,38.54,12,2289,611,919,540,1.1553,139300
-122.87,38.61,23,2676,521,1456,500,3.7361,173700
-122.86,38.61,52,1753,380,982,380,3.4013,183300
-122.86,38.62,35,2597,522,1231,499,2.7432,174000
-122.87,38.62,18,2721,557,1667,539,3.1875,176100
-122.82,38.64,29,2176,385,1117,374,3.8681,188600
-122.82,38.61,41,2720,501,987,364,4.0294,201700
-122.85,38.62,16,4418,704,1908,697,4.5913,244600
-123.01,38.67,33,914,147,394,132,4.6875,246200
-122.94,38.64,26,4050,712,2072,636,4.0781,287800
-122.87,38.68,32,4073,718,2053,629,3.7352,228000
-122.85,38.77,18,2856,513,1027,405,4.6953,241700
-123.03,38.79,16,4047,769,1998,673,3.375,171900
-123.02,38.81,35,956,213,488,215,3.025,140600
-123.02,38.81,45,1717,389,916,367,3.2425,138800
-123.01,38.8,21,360,96,131,74,3.5156,133300
-123.01,38.79,32,2697,529,1417,535,3.2546,134100
-123.24,38.7,38,1460,311,569,176,2.7171,131300
-123.25,38.54,27,3658,764,1278,518,3.3536,157500
-123.07,38.46,31,855,217,280,139,2.3611,112500
-122.93,38.38,18,2562,500,1128,414,3.9336,262500
-123.02,38.36,16,1496,298,778,284,3.8589,268800
-123,38.33,8,3223,637,851,418,5.6445,364800
-120.84,37.92,27,471,84,195,72,3.3333,208300
-120.79,37.82,17,4227,729,1809,679,3.2667,269500
-120.9,37.81,27,4213,750,2142,746,3.7031,173300
-120.9,37.76,20,570,112,304,108,2.2024,156300
-120.86,37.73,27,508,93,263,81,3.1136,183300
-120.69,37.77,46,431,86,239,80,3.3182,282100
-120.86,37.77,45,621,129,257,124,1.7188,109400
-120.86,37.77,38,1545,279,662,266,3.825,96400
-120.85,37.77,20,651,157,421,151,2.0833,77300
-120.86,37.76,32,964,198,623,201,3.0917,88900
-120.87,37.76,16,2022,413,1126,408,2.5655,116400
-120.85,37.75,26,28,4,9,5,1.625,85000
-120.85,37.78,15,3553,659,1684,611,3.3169,131200
-120.85,37.77,35,404,96,261,100,2.4583,75000
-120.83,37.76,21,435,96,219,83,2.9125,112500
-120.93,37.74,37,1956,402,1265,397,2.3023,91900
-120.95,37.74,18,3453,666,1958,601,3.0043,156500
-120.98,37.71,22,434,89,195,86,2.4211,268800
-120.97,37.69,14,5514,909,2819,970,3.8598,174400
-120.94,37.7,25,1005,159,390,139,4.4,174100
-121.06,37.73,5,2256,420,1246,397,4.9236,155900
-121.18,37.64,43,1244,209,611,197,2.875,187500
-121.06,37.7,7,9374,1847,4827,1722,3.462,151900
-121.04,37.7,52,349,59,121,40,3.3036,197500
-121.02,37.71,25,207,41,87,43,3.6023,131300
-121.03,37.69,6,2607,557,1266,475,3.4632,137700
-121.01,37.7,12,9148,1906,4656,1853,3.2447,142200
-121.06,37.67,31,906,146,383,129,3.4167,196900
-121.06,37.66,6,3655,598,1993,596,4.6053,150100
-121.04,37.66,11,1658,301,913,298,4.1705,162800
-121.04,37.67,16,19,19,166,9,0.536,162500
-121,37.68,15,1232,180,408,196,6.9682,182400
-121,37.68,29,2911,445,1170,460,4.9904,158100
-121,37.67,26,90,18,47,18,1.125,87500
-121.04,37.68,18,5129,1171,3622,1128,2.0272,92700
-121.02,37.69,19,3814,790,2219,804,3.5208,145000
-121.02,37.68,25,3262,588,1834,578,3.996,114500
-121.03,37.68,20,3204,625,2016,605,2.6567,110400
-121.02,37.68,28,2875,560,1608,558,3.5489,106400
-120.95,37.66,16,4478,647,1990,672,5.1473,188400
-120.94,37.66,17,1147,140,327,136,6.8654,290500
-120.98,37.69,18,3176,468,1296,471,5.5684,185100
-120.98,37.68,24,705,114,347,141,3.1912,149600
-120.97,37.68,9,1114,172,529,174,4.7159,163700
-120.98,37.68,27,4006,762,1806,718,3.1848,112800
-120.99,37.67,16,568,124,307,116,2.1518,107400
-120.97,37.67,16,1499,250,1292,271,4.3851,117300
-120.96,37.67,18,1442,229,538,220,4.2969,163200
-120.97,37.66,19,1974,393,799,377,3.1286,137500
-120.96,37.66,15,2485,434,1296,434,3.8542,145200
-120.97,37.66,21,2760,632,1260,576,2.0227,179800
-120.98,37.66,33,1959,342,984,356,4.5208,114200
-120.98,37.65,36,826,167,432,150,2.5,103100
-120.98,37.66,10,934,260,401,255,0.9336,127100
-120.99,37.67,28,1768,423,1066,392,1.8315,90500
-120.99,37.66,39,1748,329,831,302,2.5938,135600
-121.01,37.67,37,2483,459,1072,445,3.0721,108100
-121.01,37.66,36,3679,613,1366,581,4.5,151400
-121.01,37.65,47,1713,334,570,297,2.1969,149400
-121.03,37.67,24,2162,459,1468,441,3.1857,98300
-121.02,37.66,36,3495,641,1688,684,3.1568,109900
-121.02,37.66,28,1437,400,806,338,1.6078,125000
-121.02,37.65,20,2973,620,1996,570,3.0645,106000
-121.03,37.64,22,2001,387,1520,387,3.148,102300
-121.05,37.64,33,1438,237,569,208,3.3516,150000
-121.05,37.62,37,1043,196,555,197,3.4125,125000
-121.02,37.62,30,1721,399,1878,382,2.5363,83900
-121.02,37.61,33,1469,370,1318,349,1.7104,59000
-121.03,37.62,43,1241,240,612,266,2.8194,81300
-121.03,37.62,46,2331,508,1210,484,2.5313,77700
-121.01,37.64,52,201,35,74,22,1.3036,75000
-121.01,37.64,36,1981,507,1998,468,1.9013,69900
-120.99,37.64,41,1580,385,881,361,2.7538,99600
-121,37.65,17,484,202,198,204,0.6825,187500
-121.01,37.65,52,178,53,152,62,0.4999,82500
-121,37.64,52,530,177,325,158,1.1875,90600
-120.96,37.64,41,1467,328,673,310,2.7917,90700
-120.97,37.64,42,2359,504,1131,480,2.0833,95500
-120.98,37.65,40,422,63,158,63,7.3841,172200
-120.98,37.64,40,1791,359,679,322,2.1458,130300
-120.94,37.65,13,5075,978,3033,838,3.0577,119000
-120.92,37.65,23,505,124,163,129,1.3696,275000
-120.95,37.65,14,5200,1119,3221,1102,2.6964,107000
-120.97,37.63,39,2360,607,2047,605,1.7054,58800
-121.01,37.63,41,2764,639,2122,600,1.9643,74900
-121.01,37.62,35,2074,477,1687,431,2.0885,73700
-120.98,37.62,26,3819,955,3010,932,1.9206,81300
-120.99,37.63,21,319,120,276,85,2.4792,60000
-120.99,37.62,37,2014,505,1787,515,1.5515,54100
-121.01,37.61,5,3655,696,2316,647,3.4703,129300
-121,37.61,36,2647,604,2045,550,2.273,62900
-121.02,37.6,33,1009,238,1027,246,2.5993,68000
-120.98,37.59,2,5042,834,2784,787,4.6484,145900
-120.95,37.59,29,1727,439,1063,386,1.8929,63600
-120.94,37.61,13,3309,603,1796,555,3.8372,129300
-120.95,37.61,17,4054,654,2034,667,4.6833,142200
-120.95,37.59,43,1561,354,862,332,1.8466,81500
-120.94,37.59,16,3964,824,2622,766,2.3152,111300
-120.54,37.68,18,335,76,189,67,1.2273,87500
-120.64,37.7,16,284,51,239,46,1.8958,137500
-120.86,37.69,5,6660,1217,3012,1087,3.0809,143600
-120.76,37.65,25,3214,682,2319,640,2.0385,84300
-120.69,37.59,27,1170,227,660,222,2.3906,81800
-120.76,37.61,30,816,159,531,147,3.2604,87900
-120.8,37.61,30,918,154,469,139,3.9688,175000
-120.76,37.58,35,1395,264,756,253,3.6181,178600
-120.85,37.57,27,819,157,451,150,3.4934,193800
-120.87,37.62,30,455,70,220,69,4.8958,142500
-120.87,37.6,32,4579,914,2742,856,2.6619,86200
-120.89,37.59,33,1016,206,617,209,2.151,195800
-120.93,37.56,17,1812,361,672,334,1.55,166100
-120.95,37.57,29,1179,249,672,243,3.1125,154800
-120.98,37.57,27,925,176,449,168,2.6406,129700
-121.02,37.58,36,1285,270,706,273,1.7169,121400
-121.04,37.6,27,958,184,580,177,2.1875,82800
-121.04,37.5,33,613,123,343,116,3.1875,129200
-121.12,37.48,5,4109,820,3062,713,3.2396,125200
-121.11,37.47,12,2263,410,913,330,3.5795,145600
-121.14,37.46,4,2919,503,1592,491,5.2452,161900
-121.2,37.6,30,2110,406,1301,345,2.3173,86500
-121.27,37.56,31,1223,330,1067,245,2.8558,1e+05
-121.31,37.44,33,69,28,47,14,0.536,112500
-121.21,37.5,34,294,49,147,47,3,162500
-121.06,37.42,52,504,96,295,97,3.5,73500
-121.11,37.43,42,412,75,227,75,2.5,74200
-121.29,37.33,36,48,12,27,8,4,75000
-121.09,37.33,40,524,112,329,96,1.7188,112500
-121.01,37.37,41,1045,233,632,230,2.3583,95000
-121.01,37.33,17,1926,410,1054,321,1.6214,71500
-121.03,37.32,42,2905,561,1457,551,2.2566,82100
-121.04,37.3,6,2657,486,1409,392,3.3824,115500
-120.86,37.53,18,2829,732,1751,712,1.6445,156900
-120.88,37.53,18,239,39,92,36,5.3168,175000
-120.85,37.55,45,350,62,187,63,2.5938,275000
-120.89,37.52,42,1200,221,647,192,2.5402,157500
-120.96,37.51,30,1288,237,720,233,2.3864,139100
-120.79,37.53,20,1417,263,853,263,3.3083,108300
-120.8,37.53,29,1162,254,726,225,2.1932,90600
-120.81,37.53,15,570,123,189,107,1.875,181300
-120.82,37.54,20,707,114,282,86,6.1324,164800
-120.8,37.52,13,2920,481,1602,490,3.9286,145800
-120.72,37.54,17,729,134,431,121,4.2188,131300
-120.79,37.49,44,1186,225,687,234,3.4167,160700
-120.89,37.48,27,1118,195,647,209,2.9135,159400
-120.88,37.52,2,1871,409,707,256,2.6103,133600
-120.86,37.49,22,2140,445,1441,409,2.4706,89400
-120.85,37.49,42,264,72,310,70,1.4063,61500
-120.86,37.52,9,9885,1871,5372,1843,3.4821,127100
-120.85,37.51,15,1131,285,728,281,1.5531,93100
-120.82,37.49,25,1611,285,882,261,3.5547,122400
-120.83,37.5,30,1340,244,631,231,3.375,118500
-120.84,37.51,8,1191,242,688,260,2.7243,138400
-120.83,37.52,6,1488,252,773,259,4.1859,150000
-121.62,39.16,7,4480,776,2271,767,3.809,110700
-121.63,39.16,7,1879,444,1065,410,2.4183,103800
-121.63,39.15,27,336,60,195,68,5.3946,71800
-121.62,39.16,16,2037,464,1267,451,2.4556,97100
-121.63,39.15,16,1547,418,940,400,1.5613,72500
-121.62,39.15,36,2321,455,1168,489,3.0962,74000
-121.62,39.15,23,1984,528,1043,452,1.9375,65300
-121.63,39.14,39,1874,411,822,377,2.5038,68300
-121.62,39.14,41,2183,559,1202,506,1.6902,61500
-121.61,39.13,21,1432,328,933,336,1.6823,83800
-121.63,39.12,34,1991,348,804,344,3.4492,98800
-121.62,39.12,35,2787,587,1431,601,2.5469,65900
-121.62,39.12,26,1405,204,627,215,4.2188,94200
-121.63,39.12,32,2574,425,1099,391,4.3864,117500
-121.62,39.11,5,2320,502,1245,489,3.2465,97200
-121.63,39.1,22,3585,548,1757,577,4.174,100100
-121.62,39.09,21,2693,481,1337,435,3.8534,99700
-121.68,39.13,17,1969,297,717,268,3.4698,179700
-121.65,39.13,11,4833,944,2336,841,2.6842,89100
-121.68,39.11,19,1366,220,596,203,4.0625,141700
-121.64,39.12,13,6408,1087,3294,1106,4.2656,110700
-121.64,39.11,18,3212,542,1817,508,3.3793,92900
-121.66,39.15,22,2144,376,1200,370,3.4426,102400
-121.65,39.16,16,5022,1103,2087,956,2.3963,114800
-121.64,39.22,37,1189,248,627,219,3.8611,1e+05
-121.67,39.26,29,3041,683,2106,687,1.6315,58000
-121.83,39.23,25,3819,702,1983,658,2.4464,72500
-121.74,39.15,20,2302,412,1205,399,2.8,71200
-121.91,39.14,45,845,155,343,136,2.125,62000
-121.67,38.85,46,645,131,410,122,1.7417,110400
-121.62,38.96,36,1826,329,1068,318,1.9797,118800
-121.7,39.07,26,2668,510,1437,505,3.3125,1e+05
-121.47,38.95,34,2129,350,969,314,2.7039,106300
-121.58,38.81,25,778,135,340,155,1.7857,258300
-122.12,40.14,34,1950,407,1029,376,2.5197,82300
-122.17,40.2,28,1782,334,873,311,3.3594,79100
-121.78,40.12,14,388,108,35,17,6.1359,106300
-122.42,40.32,16,1978,375,961,333,2.6827,83900
-122.34,40.32,12,3848,689,2008,683,2.6352,92200
-122.57,39.9,15,3873,810,1697,627,2.4555,55600
-122.2,40.26,15,2102,358,957,371,3.1908,137900
-122.35,40.25,10,1621,318,866,283,3.5,104300
-122.26,40.19,35,2467,469,1194,444,2.0425,63700
-122.24,40.19,29,1912,336,859,325,3.7,70500
-122.24,40.18,39,2191,493,1307,499,1.6483,60800
-122.25,40.17,47,1554,308,846,301,1.8077,54100
-122.22,40.18,13,3719,803,1754,764,2.3517,88900
-122.21,40.2,19,3404,731,1421,683,2.6149,84400
-122.19,40.2,30,2750,476,1296,464,3.5305,73600
-122.21,40.18,30,744,156,410,165,2.1898,63200
-122.25,40.17,19,3182,630,1741,642,1.9727,64900
-122.24,40.16,19,2500,509,1293,494,2.035,55100
-122.23,40.15,14,2297,573,1637,551,1.787,51600
-122.17,40.11,24,1631,340,1042,333,1.7708,59000
-122.18,40.02,30,1952,397,961,333,2.25,68200
-122.14,40.07,31,2053,465,1193,447,1.4923,44400
-122.06,40.02,32,1435,277,690,254,2.3043,68400
-122,39.94,27,852,176,464,148,1.7125,58200
-122.17,39.92,16,1566,306,652,287,1.9038,60800
-122.14,39.97,27,1079,222,625,197,3.1319,62700
-122.23,39.86,21,1730,350,982,322,1.8375,79800
-122.19,39.92,20,2563,658,1363,611,1.023,54200
-122.18,39.93,35,1387,272,610,237,2.1759,59500
-122.19,39.91,39,2467,529,1433,502,1.8571,53500
-122.68,41.15,32,817,206,224,89,3.631,90400
-122.81,40.93,16,2050,471,588,195,2.7083,88900
-122.93,40.78,20,3758,798,1685,757,2.3667,91200
-122.89,40.76,14,712,131,270,90,2.3958,102100
-123.35,40.99,23,141,59,47,23,1.125,66000
-123.53,40.88,20,2680,599,918,345,2.2115,75000
-123.28,40.77,25,767,206,301,121,1.625,79200
-123.18,40.58,18,1451,278,695,254,1.7262,73700
-123.22,40.54,27,1573,361,847,330,1.9034,49600
-123.12,40.54,23,1091,217,539,201,1.8696,61500
-123.22,40.16,27,1848,449,396,150,2.8472,41300
-119.12,36.54,30,2747,515,1368,453,2.9828,85200
-118.86,36.41,20,2749,575,1195,491,3.0391,139700
-118.94,36.32,10,2271,398,986,358,4.0703,147100
-119.26,36.61,33,560,90,310,113,2.5417,118800
-119.28,36.54,33,1470,330,1222,301,1.8163,57400
-119.29,36.55,21,2467,520,1721,515,2.5521,65600
-119.37,36.47,26,337,69,277,73,2.3438,1e+05
-119.48,36.44,22,1389,290,1185,271,2.0857,49200
-119.48,36.5,32,3451,625,1968,574,2.9554,110300
-119.4,36.55,19,3000,628,2202,590,2.5141,67400
-119.39,36.55,30,1669,314,837,325,3.3869,80400
-119.38,36.56,14,3965,804,1945,733,2.6906,95300
-119.38,36.55,31,2342,439,1411,465,3.017,72000
-119.38,36.53,38,1281,297,1423,293,1.9602,51400
-119.39,36.54,34,1590,422,1272,407,1.8068,59000
-119.4,36.53,28,2201,429,1524,412,2.75,65000
-119.26,36.5,35,1689,371,1475,329,2.5719,74300
-119.1,36.43,24,1039,190,643,193,2.6711,71300
-119.1,36.42,26,1775,416,1217,383,1.8801,57600
-119.09,36.42,15,1517,361,1275,343,1.5875,55800
-119.1,36.4,31,1533,361,1518,386,1.5608,51700
-119.1,36.4,23,1885,363,1056,338,3.2159,92800
-119.18,36.4,39,1730,310,899,309,2.6648,129200
-119.21,36.39,31,1465,303,1013,297,2.0363,53500
-119.21,36.38,18,2158,413,1461,395,2.0216,58000
-119.45,36.35,22,1824,333,1076,282,2.3365,69600
-119.29,36.34,10,1832,455,1664,429,2.0227,53300
-119.31,36.34,14,2985,607,2250,607,2.1602,65200
-119.37,36.35,20,1132,177,518,178,5.3767,231300
-119.29,36.34,35,1235,369,1246,341,1.474,71000
-119.3,36.34,45,3723,831,2256,770,1.8299,63100
-119.31,36.34,32,1893,453,1744,425,1.4729,54100
-119.29,36.33,19,792,232,641,222,0.7445,112500
-119.27,36.34,7,3433,626,1793,626,3.5296,83700
-119.24,36.33,9,3289,621,1866,631,3.1599,95000
-119.19,36.34,33,2199,403,1245,394,2.73,96900
-119.09,36.35,21,3146,595,1580,513,2.7857,92700
-119.11,36.29,18,1666,294,859,301,2.6065,93800
-119.12,36.29,29,1638,323,942,322,2.1731,66200
-119.14,36.29,36,788,181,405,180,1.47,61900
-119.2,36.3,19,1427,311,1026,293,2.625,57000
-119.21,36.3,23,951,235,806,222,1.7734,41400
-119.21,36.3,18,1433,265,1092,276,1.9135,49400
-119.22,36.31,17,2079,459,2022,462,1.5464,54100
-119.25,36.27,23,1494,275,678,235,2.6875,69100
-119.2,36.28,22,2295,508,1654,478,1.684,65900
-119.29,36.32,35,1898,481,1123,433,1.1419,62900
-119.29,36.32,33,2107,451,1364,442,2.2024,67200
-119.25,36.32,32,1821,345,812,299,2.75,72200
-119.26,36.3,18,3578,720,1540,640,2.425,84600
-119.3,36.32,23,3521,615,1712,636,3.3875,92500
-119.31,36.32,23,2945,592,1419,532,2.5733,88800
-119.29,36.31,14,2382,377,1278,386,5.1896,101900
-119.3,36.31,16,2234,357,1150,361,4.2778,97300
-119.33,36.32,20,2025,328,1039,346,3.5313,82800
-119.32,36.32,35,2316,387,849,378,4.3816,88600
-119.33,36.32,23,3137,628,1446,548,2.5,85500
-119.32,36.32,29,2409,436,1142,440,3.6895,87700
-119.32,36.3,15,2864,571,1480,475,2.9698,93400
-119.34,36.31,14,1635,422,870,399,2.7,88900
-119.34,36.3,13,2394,458,1177,389,2.6875,74400
-119.38,36.3,14,1932,330,997,291,3.6875,93200
-119.33,36.28,16,2624,527,1077,520,2.125,104200
-119.32,36.3,14,1680,343,931,350,2.7336,89200
-119.36,36.22,10,2445,526,1262,476,1.9355,68300
-119.36,36.21,18,1082,202,793,213,2.4032,60000
-119.35,36.22,32,1290,304,852,309,1.4429,54600
-119.34,36.23,12,4965,872,2191,804,3.5611,90200
-119.34,36.22,38,2708,460,1260,455,3.0905,78200
-119.33,36.22,29,1735,323,805,293,3.5039,89900
-119.32,36.21,29,1220,232,619,246,3.3125,78300
-119.25,36.23,24,2015,355,1031,351,3.4306,139200
-119.29,36.12,24,1248,226,641,200,2.4722,129200
-119.12,36.19,21,2645,464,1245,407,2.9145,114200
-119.08,36.22,28,1606,320,1158,317,3.0324,55600
-119.08,36.21,20,1911,389,1241,348,2.5156,59300
-119.09,36.22,34,1715,290,780,297,3.4306,74300
-119.09,36.21,43,1335,280,943,288,1.9861,47700
-119.1,36.21,38,727,173,559,176,2.4653,49500
-119.11,36.21,10,1972,455,1469,442,1.5407,58400
-118.74,36.23,22,1033,232,442,136,2.6447,137500
-118.54,36.12,11,4103,882,356,171,2.1029,99100
-118.86,35.9,38,298,55,161,47,4.125,71300
-118.73,36.01,14,3263,651,1910,594,2.8603,128900
-119.08,36.2,30,1677,358,1159,365,2.4554,61200
-119.34,36.21,22,3065,726,2165,738,1.4792,54400
-119.34,36.2,12,1632,378,1303,315,2.0333,54400
-119.33,36.19,27,418,163,332,141,1.0714,63800
-119.31,36.2,23,1837,332,1064,335,3.1453,74500
-119.32,36.2,25,1427,246,772,221,2.2262,64500
-119.32,36.19,11,3136,620,2013,583,3.335,69700
-119.35,36.2,31,1783,382,1266,358,2.2264,50800
-119.35,36.2,29,1938,404,1487,414,1.7462,51100
-119.36,36.2,33,1955,398,1412,397,2.25,51500
-119.37,36.19,24,1306,266,889,276,2.4922,66100
-119.35,36.19,6,958,226,734,230,1.0349,67800
-119.45,36.16,27,2119,373,1268,345,2.8152,106900
-119.35,36.16,21,2751,602,1496,489,2.3882,49200
-119.27,36.05,29,1016,174,481,140,2.2917,112500
-119.19,36.14,41,759,140,408,129,3.9,85900
-119.06,36.15,25,2402,478,1527,461,2.3194,52900
-119.14,36.06,32,1838,441,1628,425,1.6452,41500
-119.08,36.02,26,1748,346,891,303,1.9439,62100
-119.08,36.09,25,1880,339,1003,315,2.7298,103400
-119.04,36.09,15,2288,401,1238,429,3.0278,77400
-119.06,36.08,19,2554,443,1301,419,4.1856,72100
-119.07,36.08,5,2693,508,1785,491,3,71000
-119.06,36.07,20,2683,553,1497,548,1.7031,64600
-119.05,36.06,23,2344,407,1184,406,3.1625,70600
-119.02,36.09,15,2234,415,1254,420,3.0234,88600
-119.01,36.08,31,1620,366,1154,348,1.8857,55500
-119.03,36.08,19,2736,549,1432,503,2.6944,67700
-119.03,36.08,19,2471,431,1040,426,3.25,80600
-119.01,36.07,44,2450,575,1330,508,1.6103,50900
-118.93,36.1,19,2988,681,1654,576,2.3792,90000
-118.97,36.06,26,1289,262,1100,244,1.975,51400
-118.99,36.07,21,983,165,672,169,2.975,63900
-119,36.07,20,1042,183,509,175,2.9815,73000
-119.03,36.06,36,1925,443,1405,422,2.162,51900
-119.02,36.06,41,2279,538,1908,511,1.3952,43100
-119.28,35.99,20,2911,597,1746,588,1.7372,51000
-119.12,35.85,37,736,166,564,138,2.4167,58300
-119.27,35.89,18,1855,424,1839,392,1.7572,53300
-119.27,35.87,12,972,269,1134,286,1.63,49500
-119.04,35.96,18,1187,308,1343,277,1.875,51700
-120.4,37.98,19,2010,433,910,390,2.6696,121200
-120.37,38.01,30,473,109,242,93,2.5417,123200
-120.38,37.99,36,2864,603,1155,565,2.3571,113400
-120.37,37.98,29,2508,591,1112,550,1.6021,91400
-120.38,37.97,47,1060,219,496,205,2.5781,104800
-120.28,38.07,13,1996,410,618,218,2.9083,104600
-120.39,38.03,20,1551,309,647,228,2.6094,139100
-120.41,38.03,14,2061,465,859,462,2.1289,115300
-120.31,38.02,11,2366,398,1046,387,3.8203,139700
-120.28,38.03,13,2095,391,860,331,3.6838,145700
-120.3,37.99,23,1908,383,984,374,2.517,153500
-120.25,38.04,22,4173,763,1086,444,2.5562,136200
-120.25,38.03,21,4924,966,1175,454,2.9457,116500
-120.22,38.05,14,3803,689,1129,477,2.7188,137000
-120.19,38.07,43,102,19,44,13,0.4999,162500
-120.19,38.03,17,8651,1579,2071,757,3.1076,115800
-120.26,37.99,12,2726,517,1351,474,3.5,107100
-120.23,37.98,14,1954,368,917,316,3.1523,93300
-120.23,37.96,52,1230,262,609,243,2.0057,68200
-120.25,37.93,13,493,76,196,68,3.375,134100
-120.13,37.93,5,111,26,58,25,1.675,112500
-120.35,37.98,4,1658,301,676,278,3.5714,149500
-120.3,37.97,17,3243,619,1408,566,2.474,120100
-120.35,37.86,25,287,57,118,50,2.3056,162500
-120.2,37.8,30,1189,255,446,165,3.4838,112500
-119.57,37.94,17,346,130,51,20,3.4861,137500
-120.47,37.96,25,2505,529,1145,483,2.006,103000
-120.42,37.95,19,2787,578,1208,532,2.4922,98700
-120.4,37.92,22,1022,194,517,198,3.625,99400
-120.35,37.95,13,2104,407,960,401,2.4,177000
-119.31,34.7,19,961,218,479,138,3.3438,156300
-119.06,34.62,10,416,110,436,70,2.2222,262500
-118.8,34.41,45,1610,406,1148,347,2.7,120400
-118.93,34.36,33,1775,309,1071,296,4.6607,187900
-118.93,34.4,17,3275,599,2422,637,3.7092,190500
-118.92,34.4,23,1290,283,1060,279,3.3152,198000
-118.9,34.41,35,4431,739,2304,720,4.2599,209100
-118.91,34.4,30,2861,613,2065,586,3.2024,176100
-118.9,34.4,16,2614,575,1163,524,1.5781,134400
-119.05,34.4,50,1236,282,1079,257,2.6991,181300
-119.1,34.31,21,2424,527,1379,484,2.6786,184000
-119.06,34.36,52,1239,320,934,298,1.8618,183300
-119.06,34.35,34,2426,646,2116,631,2.0682,158300
-119.11,34.33,14,4026,769,1825,671,3.5541,191800
-119.23,34.44,34,3193,664,1434,627,2.4777,260300
-119.26,34.46,30,3826,691,1656,657,4.0074,434700
-119.23,34.46,34,9280,1765,4514,1693,3.2026,227600
-119.19,34.46,39,2056,381,939,371,6.6257,427600
-119.23,34.42,16,630,117,343,100,5.75,325000
-119.27,34.45,15,1659,274,679,253,5,357900
-119.31,34.41,22,2612,494,1361,439,4.1319,245000
-119.31,34.38,23,282,69,130,57,2.4375,225000
-119.29,34.37,41,1408,311,793,264,2.5441,161200
-119.29,34.45,26,2849,535,1383,532,2.6893,230800
-119.28,34.42,23,4763,828,2198,771,4.8105,313000
-119.3,34.42,18,5591,1042,2860,1026,3.5822,219900
-119.17,34.29,18,3932,724,1896,680,5.2953,279400
-119.15,34.3,21,2475,502,1269,505,2.98,259200
-119.22,34.34,29,3128,672,1815,648,2.9821,175700
-119.14,34.29,17,2754,577,1349,533,3.1618,154200
-119.14,34.28,31,790,241,1095,222,2.25,75000
-119.18,34.27,6,2307,386,910,364,5.215,279500
-119.17,34.27,18,8010,1539,3982,1483,4.0905,236500
-119.17,34.26,10,3654,541,1638,551,6.1885,267300
-119.21,34.26,10,3150,781,1582,653,4.2448,157300
-119.2,34.27,8,4942,1173,3012,1033,3.445,203400
-119.2,34.26,13,3009,588,1439,607,4.1845,199500
-119.19,34.26,16,5018,853,2524,830,5.1752,218000
-119.21,34.26,26,2406,411,1313,391,4.9079,234100
-119.2,34.25,18,3208,643,1973,614,3.8162,235000
-119.2,34.28,22,2362,601,1127,499,3.4006,219400
-119.22,34.27,30,1937,295,695,313,5.0679,234300
-119.21,34.31,22,7548,1038,2855,1008,6.729,409300
-119.21,34.28,27,2219,312,937,315,5.7601,281100
-119.25,34.28,36,1530,341,703,317,3.5819,231900
-119.26,34.28,41,2822,564,1288,541,3.0799,254100
-119.24,34.28,41,1280,240,608,252,4.4038,229100
-119.26,34.28,41,1835,311,683,308,4.8977,358200
-119.27,34.29,32,2274,406,982,393,5.3254,385200
-119.29,34.29,33,3854,982,1835,894,3.5294,323900
-119.3,34.29,26,3665,932,2775,870,1.9286,160500
-119.29,34.28,38,2387,748,1537,741,2.3147,192500
-119.29,34.26,32,3295,764,1344,600,3.6007,395500
-119.27,34.28,50,1710,412,915,380,3.1757,206300
-119.27,34.27,52,1577,343,836,335,3.5893,206600
-119.28,34.27,43,403,77,156,85,4.6667,384600
-119.28,34.27,44,706,176,399,149,3.0089,166700
-119.23,34.27,29,3298,804,1509,711,3.8125,244500
-119.25,34.27,35,2532,407,1338,422,4.7727,219000
-119.26,34.27,36,1972,382,1029,411,3.7337,209000
-119.26,34.27,40,2528,572,1318,549,3.6413,212700
-119.25,34.21,12,15201,2418,7132,2251,5.6756,301800
-119.18,34.24,17,629,221,514,186,3.2847,112500
-119.18,34.23,16,4609,1220,2147,1007,3.375,218800
-119.19,34.23,17,3889,748,2415,739,4.5,234300
-119.18,34.22,15,4615,1008,2549,973,3.9063,198700
-119.17,34.22,29,4188,816,2783,790,4.1949,197100
-119.17,34.2,36,2028,523,2751,496,3.015,149300
-119.17,34.2,40,1083,319,1843,349,2.3077,106900
-119.18,34.21,29,4039,680,1677,644,4.3897,257600
-119.19,34.21,27,1887,487,1339,428,2.9185,224500
-119.18,34.21,46,2062,484,1522,469,3.087,213900
-119.18,34.2,21,494,127,489,106,2.6964,170800
-119.18,34.19,5,384,131,410,149,1.5625,87500
-119.19,34.19,35,2599,552,2726,543,3.2212,180500
-119.19,34.18,32,3366,677,2857,669,4.6186,181100
-119.18,34.19,36,4519,1081,4818,1061,2.8561,179100
-119.18,34.18,31,2636,638,2695,614,3.2196,175800
-119.17,34.18,38,3221,783,2792,736,2.9118,172400
-119.17,34.17,21,2361,464,1146,396,3.6597,195100
-119.19,34.17,35,4276,767,3295,708,4.2583,187300
-119.18,34.16,30,2053,368,1496,391,3.6546,186200
-119.19,34.17,27,2183,364,1458,388,4.4567,191100
-119.19,34.16,34,2610,466,1543,433,3.9722,189000
-119.19,34.16,35,2733,510,1814,511,4.4187,183400
-119.21,34.18,13,6103,1319,2986,1212,3.9718,215200
-119.19,34.15,31,4175,1004,3310,954,3.1989,185400
-119.2,34.15,27,2076,681,1904,647,1.4773,160800
-119.21,34.12,15,5778,1285,1722,829,4.3427,305800
-119.18,34.16,12,460,101,405,103,5.2783,167400
-119.18,34.16,27,1832,415,1480,414,3.9643,186000
-119.18,34.15,22,4769,1366,5534,1318,2.4167,192000
-119.15,34.17,22,1612,334,1431,335,4.8125,194400
-119.14,34.17,16,1593,353,836,357,2.726,67500
-119.11,34.17,37,470,105,522,83,2.0368,243800
-119.17,34.19,28,1444,508,2145,437,1.6964,175000
-119.16,34.12,17,224,70,147,71,3.6167,280000
-119.16,34.17,17,7982,1603,6437,1596,4.1279,223900
-119.15,34.17,23,2239,537,784,497,1.6038,194300
-119.17,34.25,15,1329,282,1001,284,3.65,189300
-119.16,34.23,26,5444,1293,3700,1158,2.7556,213200
-119.12,34.23,35,2028,554,2252,521,2.4643,182000
-119.06,34.24,21,7436,984,2982,988,7.6775,391200
-119.02,34.26,40,1498,292,707,249,3.7974,228700
-119.03,34.25,25,3344,502,1483,496,6.196,340600
-119.05,34.24,24,4341,646,1929,703,5.4298,279600
-118.99,34.23,9,10618,1617,4830,1606,6.6246,284200
-118.96,34.23,14,15207,2924,6301,2829,3.9699,217000
-119.03,34.23,16,5323,795,2493,779,5.6762,271300
-119.03,34.23,21,3284,487,1832,521,5.2773,250800
-119.03,34.22,24,3421,656,2220,645,4.7831,214200
-119.04,34.22,18,3117,583,2079,545,4.6458,222800
-119,34.19,5,3634,718,1317,743,4.2917,227900
-119.05,34.19,39,143,36,113,33,2.8942,275000
-119.03,34.21,11,4528,729,2398,684,5.3044,319000
-118.97,34.18,18,7338,1020,3419,1058,7.0242,293100
-118.96,34.19,16,1807,346,587,296,1.9811,162500
-118.95,34.18,25,2237,331,1121,365,6.0994,254900
-118.92,34.18,17,2400,352,1067,323,6.3522,259300
-118.9,34.18,20,1288,179,539,181,5.8652,302600
-118.85,34.17,42,564,96,220,81,4.5625,318800
-118.84,34.16,18,6075,1056,2571,1018,5.22,399400
-118.84,34.15,17,3785,494,1527,507,8.4443,358500
-118.83,34.15,16,3380,731,1227,641,4.2857,233200
-118.85,34.14,16,4109,543,1409,560,8.1064,423400
-118.94,34.18,25,3502,508,1713,508,5.5181,242100
-118.93,34.2,17,2619,606,1655,557,3.886,281300
-118.92,34.19,16,3631,974,2585,923,3.0691,130400
-118.9,34.2,16,6510,817,2304,778,7.9943,452100
-118.91,34.22,15,5644,757,2659,783,6.7559,312000
-118.89,34.22,20,3878,665,1651,591,5.5402,264600
-118.86,34.22,26,1775,295,1004,323,5.5845,251700
-118.85,34.21,25,1328,209,691,228,4.9234,241400
-118.86,34.21,26,3354,659,2020,648,4.1576,211800
-118.88,34.22,22,3654,517,1565,518,6.2748,274800
-118.87,34.2,26,1924,245,775,244,7.001,286800
-118.88,34.19,26,2296,275,842,263,7.7889,309900
-118.86,34.19,26,3135,480,1474,458,6.1949,243500
-118.87,34.18,21,5661,1369,3188,1308,3.4676,212800
-118.85,34.18,11,5873,1455,3089,1365,3.5504,173800
-118.84,34.17,16,3449,820,1877,816,3.2176,187500
-118.86,34.19,29,1326,185,586,187,6.5474,422900
-118.85,34.19,27,2287,320,967,321,6.5162,349400
-118.75,34.18,4,16704,2704,6187,2207,6.6122,357600
-118.74,34.25,25,1815,281,960,284,5.4243,214700
-118.74,34.26,22,4337,673,2347,636,5.4091,222400
-118.7,34.24,28,2405,462,1011,378,4.504,204300
-118.81,34.25,4,9147,1827,3950,1661,5.716,320800
-118.8,34.27,12,3330,600,1577,584,4.6985,264100
-118.77,34.24,6,16222,2309,6700,2080,6.4963,308100
-118.78,34.26,24,4072,582,1834,565,6.0487,254500
-118.9,34.3,13,5591,1013,3188,971,5.5925,208600
-118.89,34.29,28,1545,371,1334,318,3.4375,194100
-118.9,34.26,5,25187,3521,11956,3478,6.9712,321300
-118.78,34.27,20,2743,685,1798,613,3.6761,170900
-118.77,34.27,10,1658,310,1053,333,4.7574,209900
-118.77,34.28,6,4685,965,2180,909,4.5458,208200
-118.77,34.28,27,1416,251,1024,268,5.1074,185200
-118.77,34.28,26,2873,480,1915,475,5.3681,187700
-118.75,34.29,17,5512,765,2734,814,6.6073,258100
-118.75,34.28,22,3844,537,1665,492,6.2059,239900
-118.75,34.28,27,1452,251,928,259,4.6908,186600
-118.75,34.27,25,3371,502,1717,506,6.1253,225000
-118.71,34.27,26,990,223,719,232,3.163,179400
-118.77,34.26,26,3038,468,1825,468,5.6385,196900
-118.75,34.26,24,2234,373,1325,383,5.4604,193400
-118.73,34.27,25,3409,493,1699,484,5.653,225800
-118.72,34.28,17,2654,478,1392,451,5.4459,223900
-118.72,34.28,18,2229,371,1283,379,5.5955,217700
-118.67,34.28,21,4059,598,2133,634,5.6949,235300
-118.68,34.28,17,6488,1102,3199,1070,5.0962,238000
-118.67,34.3,5,6123,825,2440,736,7.9013,393000
-118.68,34.28,5,6150,1265,3188,1266,4.7034,223000
-118.65,34.27,23,1724,265,934,306,6.0783,229200
-118.71,34.29,21,2751,493,1432,483,5.2067,221200
-118.7,34.28,27,3536,646,1837,580,4.4964,238300
-118.7,34.29,25,1678,252,862,268,6.1834,229800
-118.71,34.3,23,1983,280,978,287,6.3199,236700
-118.7,34.3,27,1527,220,756,226,6.1825,227000
-118.68,34.33,45,121,25,67,27,2.9821,325000
-118.73,34.29,11,5451,736,2526,752,7.355,343900
-118.72,34.29,22,3266,529,1595,494,6.0368,248000
-121.52,38.59,35,6418,1545,3814,1496,1.6647,69100
-121.51,38.58,42,1822,636,1372,560,1.2542,76000
-121.54,38.59,29,2242,493,1481,478,2.0781,74800
-121.54,38.59,40,2120,504,1304,464,2.0368,67800
-121.52,38.58,24,938,275,508,253,1.642,32500
-121.52,38.57,43,2360,471,1041,452,2.89,86200
-121.54,38.54,36,1672,302,969,337,3.0536,73100
-121.55,38.51,22,2403,431,1088,421,3.9,146900
-121.55,38.55,10,6227,1164,2909,1077,4.106,115900
-121.8,38.55,11,5121,899,2258,901,4.7168,223200
-121.78,38.55,12,10509,2186,5633,2138,2.9605,204300
-121.7,38.6,16,2372,588,1400,583,2.8922,153600
-121.74,38.56,18,3960,1151,2248,1144,1.7257,179100
-121.73,38.55,34,1717,393,1224,387,2.7917,130800
-121.73,38.54,18,974,317,521,317,1.0633,137500
-121.76,38.55,23,8800,1857,6330,1832,2.065,219400
-121.77,38.68,43,2559,598,1820,591,2.1927,107900
-121.76,38.68,38,674,178,701,189,1.3942,69400
-121.8,38.69,8,3544,691,2118,678,3.7477,122200
-121.79,38.69,23,1755,321,1061,313,2.8864,103100
-121.78,38.69,31,2547,535,1579,509,2.6774,95800
-121.8,38.68,11,3851,892,1847,747,3.4331,120600
-121.79,38.68,24,3794,848,2225,864,2.8068,95300
-121.8,38.67,11,3251,623,1700,615,3.1875,172000
-121.78,38.68,43,3766,847,1855,817,2.3468,119400
-121.8,38.67,10,2086,380,1073,378,4.5526,154400
-121.79,38.67,30,2602,401,981,405,4.7222,167200
-121.77,38.67,45,2438,462,1415,510,2.8351,107200
-121.75,38.67,9,12139,2640,6837,2358,3.125,132500
-121.71,38.72,32,710,155,550,154,2.8882,151400
-121.7,38.65,22,1360,282,808,229,2.4167,225000
-121.76,38.66,17,5320,984,2866,928,4.1997,133400
-121.96,38.54,6,1485,318,894,308,3.2222,139600
-121.9,38.72,38,575,107,259,109,3.75,187500
-122,38.83,26,272,49,194,52,3.4187,98400
-121.81,38.84,37,352,65,238,67,2.8542,275000
-121.77,38.76,32,1950,385,1145,363,2.8365,87900
-122.16,38.9,33,1221,236,488,199,3.7574,92700
-122.04,38.68,26,1113,222,689,234,3.0486,83600
-122.03,38.69,23,1796,380,939,330,2.7955,96300
-121.6,39.15,19,1396,336,940,309,1.5208,70300
-121.59,39.15,5,1922,489,938,439,2.0474,61300
-121.59,39.15,48,1783,399,938,374,1.6652,58900
-121.59,39.14,41,1492,350,804,353,1.684,71300
-121.58,39.15,34,1376,376,702,317,1.4946,55500
-121.58,39.14,52,662,160,520,149,0.8928,55000
-121.56,39.16,12,3349,642,2029,619,2.9647,88800
-121.58,39.16,33,1897,378,888,385,2.1111,68700
-121.56,39.16,35,2157,441,1009,409,1.5827,63000
-121.57,39.16,18,1632,367,769,330,3.1029,71700
-121.57,39.13,30,442,103,413,88,1.5694,57900
-121.56,39.13,17,2277,608,1607,562,1.5085,69700
-121.54,39.13,18,4289,1021,2707,939,1.3375,59600
-121.54,39.12,17,4251,899,3265,934,2.3496,65000
-121.58,39.12,26,2796,629,2017,632,1.8355,61200
-121.57,39.1,28,1442,333,832,286,1.8413,62300
-121.59,39.1,24,1107,261,768,205,1.7167,48800
-121.56,39.11,18,2171,480,1527,447,2.3011,57500
-121.56,39.08,26,1377,289,761,267,1.4934,48300
-121.55,39.09,31,1728,365,1167,384,1.4958,53400
-121.53,39.08,15,1810,441,1157,375,2.0469,55100
-121.48,39.05,40,198,41,151,48,4.5625,1e+05
-121.47,39.01,37,1244,247,484,157,2.3661,77500
-121.44,39,20,755,147,457,157,2.4167,67000
-121.52,39.12,37,102,17,29,14,4.125,72000
-121.43,39.18,36,1124,184,504,171,2.1667,93800
-121.48,39.1,19,2043,421,1018,390,2.5952,92400
-121.32,39.29,11,2640,505,1257,445,3.5673,112000
-121.56,39.27,28,2332,395,1041,344,3.7125,116800
-121.21,39.49,18,697,150,356,114,2.5568,77100
-121.32,39.43,18,1860,409,741,349,1.8672,84700
-121.24,39.37,16,2785,616,1387,530,2.3886,89400
